1 1
2 4
3 20
4 110
5 638
6 3832
7 23592
8 147941
9 940982
10 6053180
11 39299408
12 257105146
13 1692931066
14 11208974860
15 74570549714
16 498174818986
17 3340366308393
18 22471158811164
19 151609203011580
20 1025573519362016
21 6954084405510437
22 47255332844367680
23 321749260511448732
24 2194666793369310473
25 14994811325186658577
26 102607513847014153892
27 703126792093436034256
28 4824589228356722264087
29 33145129805782422061325
30 227969227118066423789154
31 1569631619081324581014300
32 10818203977457804418974036
33 74631481980411777590683952
34 515316838423862758858377704
35 3561147281381782175236253062
36 24629107617723857143962968288
37 170463735577007360431441250424
