# T(n,H) = # fixed n-cell king-polyplets of bounding-box height exactly H,  1<=H<=n<=20
1
1 3
1 10 9
1 27 55 27
1 68 248 240 81
1 167 996 1480 945 243
1 406 3775 7898 7273 3510 729
1 983 13837 39119 47066 32193 12555 2187
1 2376 49676 185198 278240 241864 133326 43740 6561
1 5739 175964 850650 1558399 1631340 1134865 527094 149445 19683
1 13858 617789 3824200 8422286 10311170 8533676 5001114 2013255 503010 59049
1 33459 2156027 16922729 44372452 62471842 59434367 41336884 21039624 7487559 1673055 177147
1 80780 7493644 74000548 229332571 367493910 393543824 313029646 189262009 85389768 27261684 5511240 531441
1 195023 25972328 320659524 1167671359 2115284593 2516136965 2234817674 1544727695 829622715 336733767 97548948 18009945 1594323
1 470830 89842939 1379699712 5874715998 11972716752 15683719545 15308484950 11793556454 7251119572 3511995435 1296946890 344039157 58458510 4782969
1 1136687 310363225 5903624563 29271201169 66862623043 95904920644 101757872857 85849256593 58863947192 32703766750 14446874853 4897624662 1198596285 188661555 14348907
1 2744208 1071143992 25150677404 144687669852 369308536084 577719245153 661337991802 603392972436 452930356022 281054436836 142727058846 58015415862 18187039512 4132130922 605842740 43046721
1 6625107 3694368600 106773776116 710473784059 2021147613576 3438189032325 4224131600730 4130289887503 3348606811298 2277043672928 1293898414102 605908537758 228244737222 66567571389 14116135842 1937102445 129140163
1 15994426 12736006193 452027455240 3469435781222 10975452058596 20257323484797 26611876627714 27701775032858 24014057424024 17644523530186 11003764277892 5776897734667 2512138867830 882180009630 240601488426 47839787379 6170030010 387420489
1 38613963 43892151231 1909356781727 16863281286022 59204157481772 118344693863313 165789452595498 182837842220785 168184063948895 132107598093637 89123929241486 51437609215985 25124129020857 10204408045521 3357266652450 860061675780 160989953571 19586258055 1162261467
