1 1 1
1 SUM 1
2 1 1
2 2 3
2 SUM 4
3 1 1
3 2 10
3 3 9
3 SUM 20
4 1 1
4 2 27
4 3 55
4 4 27
4 SUM 110
5 1 1
5 2 68
5 3 248
5 4 240
5 5 81
5 SUM 638
6 1 1
6 2 167
6 3 996
6 4 1480
6 5 945
6 6 243
6 SUM 3832
7 1 1
7 2 406
7 3 3775
7 4 7898
7 5 7273
7 6 3510
7 7 729
7 SUM 23592
8 1 1
8 2 983
8 3 13837
8 4 39119
8 5 47066
8 6 32193
8 7 12555
8 8 2187
8 SUM 147941
9 1 1
9 2 2376
9 3 49676
9 4 185198
9 5 278240
9 6 241864
9 7 133326
9 8 43740
9 9 6561
9 SUM 940982
10 1 1
10 2 5739
10 3 175964
10 4 850650
10 5 1558399
10 6 1631340
10 7 1134865
10 8 527094
10 9 149445
10 10 19683
10 SUM 6053180
11 1 1
11 2 13858
11 3 617789
11 4 3824200
11 5 8422286
11 6 10311170
11 7 8533676
11 8 5001114
11 9 2013255
11 10 503010
11 11 59049
11 SUM 39299408
12 1 1
12 2 33459
12 3 2156027
12 4 16922729
12 5 44372452
12 6 62471842
12 7 59434367
12 8 41336884
12 9 21039624
12 10 7487559
12 11 1673055
12 12 177147
12 SUM 257105146
13 1 1
13 2 80780
13 3 7493644
13 4 74000548
13 5 229332571
13 6 367493910
13 7 393543824
13 8 313029646
13 9 189262009
13 10 85389768
13 11 27261684
13 12 5511240
13 13 531441
13 SUM 1692931066
