1 1 1 1 1 1 1
2 1 1 1 1 1 1
2 2 3 1 1 3 1
3 1 1 1 1 1 1
3 2 10 0 2 0 0
3 3 9 3 1 3 1
4 1 1 1 1 1 1
4 2 27 1 5 7 1
4 3 55 5 3 5 1
4 4 27 3 1 9 1
5 1 1 1 1 1 1
5 2 68 0 8 0 0
5 3 248 12 8 12 2
5 4 240 0 4 0 0
5 5 81 9 1 9 1
6 1 1 1 1 1 1
6 2 167 1 15 17 1
6 3 996 22 24 22 4
6 4 1480 10 12 50 2
6 5 945 15 5 15 1
6 6 243 9 1 27 1
7 1 1 1 1 1 1
7 2 406 0 22 0 0
7 3 3775 43 47 43 5
7 4 7898 0 38 0 0
7 5 7273 61 17 61 3
7 6 3510 0 6 0 0
7 7 729 27 1 27 1
8 1 1 1 1 1 1
8 2 983 1 39 41 1
8 3 13837 79 117 79 9
8 4 39119 27 107 235 5
8 5 47066 118 58 118 4
8 6 32193 55 23 225 3
8 7 12555 45 7 45 1
8 8 2187 27 1 81 1
9 1 1 1 1 1 1
9 2 2376 0 56 0 0
9 3 49676 148 210 150 10
9 4 185198 0 262 0 0
9 5 278240 334 170 336 8
9 6 241864 0 84 0 0
9 7 133326 258 30 258 4
9 8 43740 0 8 0 0
9 9 6561 81 1 81 1
10 1 1 1 1 1 1
10 2 5739 1 97 99 1
10 3 175964 272 486 274 18
10 4 850650 68 682 1044 8
10 5 1558399 691 519 691 17
10 6 1631340 248 266 1426 8
10 7 1134865 479 117 479 5
10 8 527094 240 38 900 4
10 9 149445 135 9 135 1
10 10 19683 81 1 243 1
11 1 1 1 1 1 1
11 2 13858 0 138 0 0
11 3 617789 503 841 519 19
11 4 3824200 0 1492 0 0
11 5 8422286 1704 1326 1744 22
11 6 10311170 0 826 0 0
11 7 8533676 1788 398 1794 12
11 8 5001114 0 158 0 0
11 9 2013255 999 47 999 5
11 10 503010 0 10 0 0
11 11 59049 243 1 243 1
12 1 1 1 1 1 1
12 2 33459 1 237 239 1
12 3 2156027 925 1875 945 35
12 4 16922729 167 3713 4523 15
12 5 44372452 3626 3754 3656 46
12 6 62471842 996 2466 8284 24
12 7 59434367 3591 1295 3591 19
12 8 41336884 1480 574 6986 12
12 9 21039624 1812 208 1812 6
12 10 7487559 945 57 3375 5
12 11 1673055 405 11 405 1
12 12 177147 243 1 729 1
13 1 1 1 1 1 1
13 2 80780 0 336 0 0
13 3 7493644 1704 3182 1790 36
13 4 74000548 0 7676 0 0
13 5 229332571 8383 8817 8793 53
13 6 367493910 0 6810 0 0
13 7 393543824 11076 3980 11212 36
13 8 313029646 0 1958 0 0
13 9 189262009 8347 803 8365 17
13 10 85389768 0 268 0 0
13 11 27261684 3672 68 3672 6
13 12 5511240 0 12 0 0
13 13 531441 729 1 729 1
