1 1 1
2 1 1
3 1 1
4 1 1
5 1 1
6 1 1
7 1 1
8 1 1
9 1 1
10 1 1
11 1 1
12 1 1
13 1 1
14 1 1
15 1 1
16 1 1
17 1 1
18 1 1
19 1 1
20 1 1
21 1 1
22 1 1
23 1 1
24 1 1
25 1 1
26 1 1
27 1 1
28 1 1
29 1 1
30 1 1
31 1 1
32 1 1
33 1 1
34 1 1
35 1 1
36 1 1
37 1 1
38 1 1
39 1 1
40 1 1
1 2 0
2 2 3
3 2 10
4 2 27
5 2 68
6 2 167
7 2 406
8 2 983
9 2 2376
10 2 5739
11 2 13858
12 2 33459
13 2 80780
14 2 195023
15 2 470830
16 2 1136687
17 2 2744208
18 2 6625107
19 2 15994426
20 2 38613963
21 2 93222356
22 2 225058679
23 2 543339718
24 2 1311738119
25 2 3166815960
26 2 7645370043
27 2 18457556050
28 2 44560482147
29 2 107578520348
30 2 259717522847
31 2 627013566046
32 2 1513744654943
33 2 3654502875936
34 2 8822750406819
35 2 21300003689578
36 2 51422757785979
37 2 124145519261540
38 2 299713796309063
39 2 723573111879670
40 2 1746860020068407
1 3 0
2 3 0
3 3 9
4 3 55
5 3 248
6 3 996
7 3 3775
8 3 13837
9 3 49676
10 3 175964
11 3 617789
12 3 2156027
13 3 7493644
14 3 25972328
15 3 89842939
16 3 310363225
17 3 1071143992
18 3 3694368600
19 3 12736006193
20 3 43892151231
21 3 151231714240
22 3 520991378956
23 3 1794610982967
24 3 6181253559909
25 3 21289197346820
26 3 73320520598900
27 3 252510965948773
28 3 869614657637379
29 3 2994799726222996
30 3 10313468352144720
31 3 35517215236163059
32 3 122312577768091569
33 3 421213188380527344
34 3 1450547121316690736
35 3 4995293941753375065
36 3 17202429393149837639
37 3 59240428077487886088
38 3 204007606335999703732
39 3 702545359712853463983
40 3 2419369854427749522365
1 4 0
2 4 0
3 4 0
4 4 27
5 4 240
6 4 1480
7 4 7898
8 4 39119
9 4 185198
10 4 850650
11 4 3824200
12 4 16922729
13 4 74000548
14 4 320659524
15 4 1379699712
16 4 5903624563
17 4 25150677404
18 4 106773776116
19 4 452027455240
20 4 1909356781727
21 4 8050427299808
22 4 33892985448916
23 4 142521237368302
24 4 598721277602283
25 4 2513177361030402
26 4 10542367779650950
27 4 44199889094415720
28 4 185231175230659181
29 4 775980963395462924
30 4 3249825863071787448
31 4 13607051721068497444
32 4 56961530767473452711
33 4 238412112510964107224
34 4 997738306231538048056
35 4 4175005049966977184112
36 4 17468592122673825829363
37 4 73084678479595209909360
38 4 305751126217229144583888
39 4 1279050843784022236860802
40 4 5350439537095151311678183
1 5 0
2 5 0
3 5 0
4 5 0
5 5 81
6 5 945
7 5 7273
8 5 47066
9 5 278240
10 5 1558399
11 5 8422286
12 5 44372452
13 5 229332571
14 5 1167671359
15 5 5874715998
16 5 29271201169
17 5 144687669852
18 5 710473784059
19 5 3469435781222
20 5 16863281286022
21 5 81640592090589
22 5 393917133975378
23 5 1895173182963164
24 5 9095242974196751
25 5 43556120823729954
26 5 208199112383670263
27 5 993596126612962808
28 5 4735144536271384982
29 5 22538600837981849806
30 5 107166283543642782291
31 5 509078614050101751877
32 5 2416335170663199451864
33 5 11460898842085523748409
34 5 54325938673309776005354
35 5 257368780003385544633055
36 5 1218690359963499170272024
37 5 5768262041162268365409643
38 5 27291836262798850586914411
39 5 129085084540242693690379620
40 5 610368200114680297664171180
1 6 0
2 6 0
3 6 0
4 6 0
5 6 0
6 6 243
7 6 3510
8 6 32193
9 6 241864
10 6 1631340
11 6 10311170
12 6 62471842
13 6 367493910
14 6 2115284593
15 6 11972716752
16 6 66862623043
17 6 369308536084
18 6 2021147613576
19 6 10975452058596
20 6 59204157481772
21 6 317531017597242
22 6 1694546915214127
23 6 9003876805981488
24 6 47659090176840257
25 6 251419543002787484
26 6 1322384421950443740
27 6 6936919760955058324
28 6 36303727964272031752
29 6 189592180646136421772
30 6 988256215090531169773
31 6 5142594169900359126364
32 6 26719738365477003702073
33 6 138638721908972669277580
34 6 718450867038312966264504
35 6 3718957285615983843117584
36 6 19231039210859731542532750
37 6 99353407909848163932879914
38 6 512859007169632836574525753
39 6 2645339510202306053185264958
40 6 13635239341813228735098460369
