1 1 1
1 SUM 1
2 1 1
2 2 1
2 SUM 2
3 1 1
3 2 4
3 3 1
3 SUM 6
4 1 1
4 2 9
4 3 8
4 4 1
4 SUM 19
5 1 1
5 2 18
5 3 31
5 4 12
5 5 1
5 SUM 63
6 1 1
6 2 35
6 3 95
6 4 68
6 5 16
6 6 1
6 SUM 216
7 1 1
7 2 66
7 3 269
7 4 282
7 5 121
7 6 20
7 7 1
7 SUM 760
8 1 1
8 2 123
8 3 721
8 4 1027
8 5 638
8 6 190
8 7 24
8 8 1
8 SUM 2725
9 1 1
9 2 228
9 3 1866
9 4 3468
9 5 2817
9 6 1226
9 7 275
9 8 28
9 9 1
9 SUM 9910
10 1 1
10 2 421
10 3 4728
10 4 11132
10 5 11254
10 6 6391
10 7 2110
10 8 376
10 9 32
10 10 1
10 SUM 36446
11 1 1
11 2 776
11 3 11804
11 4 34558
11 5 42099
11 6 29388
11 7 12758
11 8 3354
11 9 493
11 10 36
11 11 1
11 SUM 135268
12 1 1
12 2 1429
12 3 29162
12 4 104785
12 5 150595
12 6 124471
12 7 66547
12 8 23182
12 9 5022
12 10 626
12 11 40
12 12 1
12 SUM 505861
13 1 1
13 2 2630
13 3 71502
13 4 312234
13 5 522027
13 6 497926
13 7 314623
13 8 135766
13 9 39183
13 10 7178
13 11 775
13 12 44
13 13 1
13 SUM 1903890
14 1 1
14 2 4839
14 3 174342
14 4 918068
14 5 1768333
14 6 1912371
14 7 1387805
14 8 710246
14 9 255457
14 10 62537
14 11 9886
14 12 940
14 13 48
14 14 1
14 SUM 7204874
