1 1 1
2 1 1
2 2 1
3 1 1
3 2 4
3 3 1
4 1 1
4 2 9
4 3 8
4 4 1
5 1 1
5 2 18
5 3 31
5 4 12
5 5 1
6 1 1
6 2 35
6 3 95
6 4 68
6 5 16
7 1 1
7 2 66
7 3 269
7 4 282
7 5 121
8 1 1
8 2 123
8 3 721
8 4 1027
8 5 638
9 1 1
9 2 228
9 3 1866
9 4 3468
9 5 2817
10 1 1
10 2 421
10 3 4728
10 4 11132
10 5 11254
11 1 1
11 2 776
11 3 11804
11 4 34558
11 5 42099
12 1 1
12 2 1429
12 3 29162
12 4 104785
12 5 150595
13 1 1
13 2 2630
13 3 71502
13 4 312234
13 5 522027
14 1 1
14 2 4839
14 3 174342
14 4 918068
14 5 1768333
15 1 1
15 2 8902
15 3 423341
15 4 2671340
15 5 5886105
16 1 1
16 2 16375
16 3 1024786
16 4 7708273
16 5 19325051
17 1 1
17 2 30120
17 3 2474934
17 4 22092522
17 5 62748171
18 1 1
18 2 55401
18 3 5966625
18 4 62968906
18 5 201892239
19 1 1
19 2 101900
19 3 14365256
19 4 178656922
19 5 644646038
20 1 1
20 2 187425
20 3 34550674
20 4 504966099
20 5 2045081452
21 1 1
21 2 344730
21 3 83035396
21 4 1422737960
21 5 6451962008
22 1 1
22 2 634059
22 3 199440433
22 4 3997876116
22 5 20257937374
23 1 1
23 2 1166218
23 3 478814076
23 4 11208753262
23 5 63342427423
24 1 1
24 2 2145011
24 3 1149133511
24 4 31366003297
24 5 197342139224
25 1 1
25 2 3945292
25 3 2757142136
25 4 87631435054
25 5 612865026189
26 1 1
26 2 7256525
26 3 6613933242
26 4 244491613026
26 5 1897995677848
27 1 1
27 2 13346832
27 3 15863281135
27 4 681332298258
27 5 5863445252398
28 1 1
28 2 24548653
28 3 38042981575
28 4 1896788228793
28 5 18074243706592
29 1 1
29 2 45152014
29 3 91225540813
29 4 5276015590922
29 5 55606168243595
30 1 1
30 2 83047503
30 3 218739876078
30 4 14664716643828
30 5 170778657066894
31 1 1
31 2 152748174
31 3 524464594304
31 4 40734911248600
31 5 523687943913204
32 1 1
32 2 280947695
32 3 1257437814143
32 4 113089904092167
32 5 1603653632791537
33 1 1
33 2 516743376
33 3 3014693395137
33 4 313817915257538
33 5 4904669688360110
34 1 1
34 2 950439249
34 3 7227519412482
34 4 870475611063704
34 5 14983906240876017
35 1 1
35 2 1748130324
35 3 17327157273533
35 4 2413707211944132
35 5 45730402357178557
36 1 1
36 2 3215312953
36 3 41539300543790
36 4 6690866899449229
36 5 139441754765892292
37 1 1
37 2 5913882530
37 3 99583249536610
37 4 18542480150284736
37 5 424841463434358614
38 1 1
38 2 10877325811
38 3 238731521399978
38 4 51375517305649332
38 5 1293425568744931062
39 1 1
39 2 20006521298
39 3 572308825572310
39 4 142318298670668062
39 5 3935202520391242790
40 1 1
40 2 36797729643
40 3 1371983778919997
40 4 394178384171022079
40 5 11965510846286015027
41 1 1
41 2 67681576756
41 3 3289015084228127
41 4 1091596675425916528
41 5 36362899196925865663
42 1 1
42 2 124485827701
42 3 7884633153193763
42 4 3022577254280441514
42 5 110451330545886627792
43 1 1
43 2 228965134104
43 3 18901494752455163
43 4 8368463645800303398
43 5 335342404065823605197
44 1 1
44 2 421132538565
44 3 45311669648567645
44 4 23167197086743652399
44 5 1017721567425313155674
45 1 1
45 2 774583500374
45 3 108623404581871785
45 4 64130724706722727910
45 5 3087511792999150556559
46 1 1
46 2 1424681173047
46 3 260397205250198832
46 4 177512285950721086006
46 5 9363581813898755661012
47 1 1
47 2 2620397211990
47 3 624236115376650305
47 4 491319930900179471796
47 5 28388492290190302288595
48 1 1
48 2 4819661885415
48 3 1496446539743132591
48 4 1359807944923231458625
48 5 86044184704040216496652
49 1 1
49 2 8864740270456
49 3 3587346474652404334
49 4 3763319128670616375124
49 5 260729647448226696223473
50 1 1
50 2 16304799367865
50 3 8599739380463022539
50 4 10414716356249096982876
50 5 789875818056568114627431
51 1 1
51 2 29989201523740
51 3 20615655090573543761
51 4 28821000814026433327816
51 5 2392410099149236193882329
52 1 1
52 2 55158741162065
52 3 49420700873370696153
52 4 79754989469573729643357
52 5 7244842125562347798323521
53 1 1
53 2 101452742053674
53 3 118473329086495930748
53 4 220696565176613750602824
53 5 21935425266063665930853487
54 1 1
54 2 186600684739483
54 3 284009084442914317713
54 4 610694035356674532909422
54 5 66403917402921010637293111
55 1 1
55 2 343212167955226
55 3 680838068656086043650
55 4 1689831728246966250490674
55 5 200991608364928772288257905
56 1 1
56 2 631265594748387
56 3 1632132449720165168613
56 4 4675801144514137807939841
56 5 608281012537257990928898382
57 1 1
57 2 1161078447443100
57 3 3912613454764804562593
57 4 12937857417852104260991268
57 5 1840677644192260744562372774
58 1 1
58 2 2135556210146717
58 3 9379473710933586383190
58 4 35798372139075324134675910
58 5 5569329880463927452775691392
59 1 1
59 2 3927900252338208
59 3 22484849393561449801394
59 4 99051147086343509969680954
59 5 16849384978103887836712912380
60 1 1
60 2 7224534909928029
60 3 53901578634461447005202
60 4 274063803105103183399346313
60 5 50971202400252106963234508794
61 1 1
61 2 13287991372412958
61 3 129215013783014009900655
61 4 758298737681391777678284888
61 5 154180302186342861045052435864
62 1 1
62 2 24440426534679199
62 3 309759379362808722026783
62 4 2098098815067861915937213394
62 5 466336344395538713297683956010
63 1 1
63 2 44952952817020190
63 3 742567517698138732739470
63 4 5805089283102323027530046822
63 5 1410388910819138210085528843227
64 1 1
64 2 82681370724112351
64 3 1780112404541179576692052
64 4 16061628671579974204745064429
64 5 4265307969789756155064349307010
65 1 1
65 2 152074750075811744
65 3 4267356269286741079777383
65 4 44439409236961902732299664322
65 5 12898410732488522695654367085592
66 1 1
66 2 279709073616944289
66 3 10229876153284563567944714
66 4 122954734257305414265884534600
66 5 39003044617063155291339236266887
67 1 1
67 2 514465194416868388
67 3 24523465842465519073270181
67 4 340189375769399810568533137708
67 5 117934080858991033495379584189921
68 1 1
68 2 946249018109624425
68 3 58788627167486396060237581
68 4 941228238170725934065130348965
68 5 356582880656026428693559406150645
69 1 1
69 2 1740423286143437106
69 3 140930433674579982708379937
69 4 2604162214504847217820121591354
69 5 1078111491215911022361262791798599
70 1 1
70 2 3201137498669929923
70 3 337844036474694468080837933
70 4 7205102284898802669850155084524
70 5 3259495740345972684604688234139275
71 1 1
71 2 5887809802922991458
71 3 809893149781643418681764568
71 4 19934779189106710271188135742352
71 5 9854216936234567792451205473718461
72 1 1
72 2 10829370587736358491
72 3 1941508040912259139678790760
72 4 55154630831744014821056777223605
72 5 29790655492466846585146818490795670
73 1 1
73 2 19918317889329279876
73 3 4654260220591161715983069132
73 4 152599076456891025988216130673302
73 5 90058645374045680999767260613756015
74 1 1
74 2 36635498279988629829
74 3 11157377528917174642345188542
74 4 422202969081266538953696946202450
74 5 272244580190135338075695874881185506
75 1 1
75 2 67383186757054268200
75 3 26746908716946187167689927046
75 4 1168127339346726230216926194657360
75 5 822967217828887958575041121006529302
76 1 1
76 2 123937002926372177909
76 3 64118752260915956014878748268
76 4 3231905729227504989584139815016903
76 5 2487689569901163942752845087984825702
77 1 1
77 2 227955687963415075942
77 3 153708020387784164466519784935
77 4 8941838581865195344246854751300908
77 5 7519708579644963272039656899089377903
78 1 1
78 2 419275877646841522055
78 3 368474973287731530293671402446
78 4 24739713141521945221674011285280408
78 5 22729912277206966317047110185499612498
79 1 1
79 2 771168568536628775910
79 3 883322845320888283023600506040
79 4 68448230801429519228888091502355982
79 5 68704806212772251609186597951370631979
80 1 1
80 2 1418400134146885373911
80 3 2117536618586894314772357626547
80 4 189378016793168464340326441542759687
80 5 207668064485722951069952620887937526524
81 1 1
81 2 2608844580330355671880
81 3 5076242909808798572529634452202
81 4 523958272052076552863923766817314896
81 5 627691318185411417787691083741613852484
82 1 1
82 2 4798413283013869821705
82 3 12168971176852697599107370340648
82 4 1449651686115026517946037927538299716
82 5 1897216371481472614763955210329932509591
83 1 1
83 2 8825657997491110867500
83 3 29171941163155245392248028472028
83 4 4010795128023430731729792389485044612
83 5 5734326548140916705374558878934499843562
84 1 1
84 2 16232915860835336361089
84 3 69932136318062423188788835936309
84 4 11096784763116871858007995619875488633
84 5 17331782586691209983135901171606669977869
85 1 1
85 2 29856987141340317050298
85 3 167644095485307279496227093064678
85 4 30701792587712928420310871216253422550
85 5 52384125835200929144455635197156900501797
86 1 1
86 2 54915560999666764278891
86 3 401883085947154727174836237689791
86 4 84943510785787106726899405963978062872
86 5 158325983319736334269407374871255760136851
87 1 1
87 2 101005464001842417690282
87 3 963410099829294756994131799066444
87 4 235015548315950632381942023814284202430
87 5 478521051319436035147839929230976328424082
88 1 1
88 2 185778012142849499019475
88 3 2309524966077816231275080377166182
88 4 650223873706764177018994455482006399413
88 5 1446260655677173712451364805371403356095287
89 1 1
89 2 341699037144358680988652
89 3 5536485002410975326188018053365915
89 4 1798991714153421982617754485193449289090
89 5 4371082933464210536962693108364361649785781
90 1 1
90 2 628482513289050597698413
90 3 13272281803348869501074287277411765
90 4 4977317672323646026432947356736063545678
90 5 13210788223407136790971606919749005058613117
91 1 1
91 2 1155959562576258777706544
91 3 31816841225004314981967717216606467
91 4 13770874149573621541656559619458437360490
91 5 39926924652652252645028363322443901746972943
92 1 1
92 2 2126141113009668056393613
92 3 76272595815175772032436530300303322
92 4 38100231749488817771516208294708956450869
92 5 120670371966995510334867985151263303870621644
93 1 1
93 2 3910583188874977431798574
93 3 182843696871780843600357403165743654
93 4 105412882578629532931460388881259663459978
93 5 364697933268511260283943678919413527702548526
94 1 1
94 2 7192683864460904265898735
94 3 438320174216318783460092840252280657
94 4 291648488994677538205424695268905215058188
94 5 1102209103074229210479509891587838572198866664
95 1 1
95 2 13229408166345549754090926
95 3 1050758535358789159129861668588371871
95 4 806911202782739355568518896310129830440094
95 5 3331140043945360987646986262300916870975341107
96 1 1
96 2 24332675219681431451788239
96 3 2518920105836823955888246593115130624
96 4 2232501380400535493454912085618908300081157
96 5 10067465428193289607202754745058759621646232564
97 1 1
97 2 44754767250487885471777904
97 3 6038455350175965073435980572643121289
97 4 6176717047429383991604457973300988148171254
97 5 30426072765361950799155232141218657626345984059
98 1 1
98 2 82316850636514866677657073
98 3 14475625063112918897920032791285128354
98 4 17089275860484942772029395491012227750890322
98 5 91953925995015426157505882052315507074844100122
99 1 1
99 2 151404293106684183601223220
99 3 34701543493494304617184548202024185864
99 4 47281320644852521915083276114307938902194776
99 5 277903101312736019336327574824809907649499741235
100 1 1
100 2 278475910993686935750658201
100 3 83187918696422616043112025033162394850
100 4 130814391003364795395084523974677131603506025
100 5 839876360180148865784043048685551163210816208353
101 1 1
101 2 512197054736885986029538498
101 3 199421383614729499709267881800653478406
101 4 361927378766265452201067907262648650682387682
101 5 2538260935426902033716136266782726632739194741158
102 1 1
102 2 942077258837257105381419923
102 3 478060863476187523209942181410687143857
102 4 1001353318428143566629711586909571256817247994
102 5 7671074632324439191711655994173960283007804369590
103 1 1
103 2 1732750224567830027161616626
103 3 1146026494475961565273537171091352412039
103 4 2770468628370425055345292945519760213157968758
103 5 23183300554311011021822718942713090007579798131671
104 1 1
104 2 3187024538141973118572575051
104 3 2747300242254615716798727202951451870265
104 4 7665122937953577407933835393062404461695656417
104 5 70063771783551674517430285638508670830842460478719
105 1 1
105 2 5861852021547060251115611604
105 3 6585937286329770308345552799545379478405
105 4 21207281752040104053097627203410895277309632718
105 5 211743954453922990311918166235189695077911886074552
106 1 1
106 2 10781626784256863396849803285
106 3 15788070510949052847047874880097825556617
106 4 58674700614880898720395704464061434766218793492
106 5 639923187683926185028969761948848239676110263692490
107 1 1
107 2 19830503343945896766537989944
107 3 37847789862205798788628345421278650901587
107 4 162336715019105540067436356984414066279471006732
107 5 1933944708547573380276054410744114344339947743718796
108 1 1
108 2 36473982149749820414503404837
108 3 90730225486399495138548768777759524850402
108 4 449140916171622213362591894302791976697353079875
108 5 5844665905528543032336113671451032679248865441121255
109 1 1
109 2 67086112277952580577891198070
109 3 217502101094488145341146696315465196866675
109 4 1242649026612232623458618286419023636694004584970
109 5 17663420488830547334051361771708541552031062271070254
110 1 1
110 2 123390597771648297758932592855
110 3 521404677734502574161347227622331960342093
110 4 3438067066737308064044431095452481718224762312384
110 5 53381337093464295552467761833214893484367730580365855
111 1 1
111 2 226950692199350698751327195766
111 3 1249932007991534951889886547372362330795270
111 4 9512183109186134683663382388735374678016652029804
111 5 161325734629789597109826159758931890341919478403566339
112 1 1
112 2 417427402248951577088150986695
112 3 2996386667242834910774313069934302144549663
112 4 26317586381204245070231531227035171890166453679701
112 5 487548085691793416823462186375316779040111377108203384
113 1 1
113 2 767768692219950573598410775320
113 3 7183057160090944538836474989616615922815643
113 4 72813500511462245548354010749472798505476108149706
113 5 1473434701649632747597114691472696965862728639043826117
114 1 1
114 2 1412146786668252849437888957785
114 3 17219509994886620655182946914350283643036361
114 4 201454865898649499969485221613572192363509935484424
114 5 4452910820269103107487498419899981874210085268261552545
115 1 1
115 2 2597342881137155000124450719804
115 3 41279293461760878772512245753400983827366976
115 4 557370028447529315213658701058065229478025143559058
115 5 13457264686032568091133943299471263583912272114419947219
116 1 1
116 2 4777258360025358423160750452913
116 3 98956362243069675823124261340370171618486133
116 4 1542089074287921120610852500948137465668902486004469
116 5 40669544735525938746310215826299551460664762938817771831
117 1 1
117 2 8786748027830766272723090130506
117 3 237222122938047001324142695177693363361485454
117 4 4266534950542369005540788643555691204221403635382192
117 5 122908401456553455146790812362629356571178503242651894109
118 1 1
118 2 16161349268993279696008291303227
118 3 568678297540941748543921758623716473209748467
118 4 11804324890207669241432117273786287658250838534915600
118 5 371444211280009160686571485984132046649307611415439774169
119 1 1
119 2 29725355656849404391892131886650
119 3 1363258207492395260665625384136657777370755375
119 4 32659309592557620024770633530183909654462352025113096
119 5 1122549248486360186381538780356447424431946144911800246459
120 1 1
120 2 54673452953673450360623513320387
120 3 3268056734944369721211428577796782788094699546
120 4 90359297219487086209928961542727649961201418307462855
120 5 3392477807022997880071477139349447351314923459530448079639
121 1 1
121 2 100560157879516134448523936510268
121 3 7834315439377105020283474095366962990222191728
121 4 249999240146329873010518673533605541694759076594919992
121 5 10252468570348847700381297792376591432701000903153104412565
122 1 1
122 2 184958966490038989201039581717309
122 3 18780732215380938974867271125325701145407698580
122 4 691678907609252431034394132211317961351838256640990734
122 5 30984159006562188884404411001160835271296733895926916052808
123 1 1
123 2 340192577323228574010187031547968
123 3 45021917393447571953565776794907407441635667885
123 4 1913684659268308486535295872884803769628460566254615614
123 5 93637719385581353941036969542400158537613245639911394202954
124 1 1
124 2 625711701692783697659750549775549
124 3 107928329020227220235197295504463873776437081685
124 4 5294637340077615391756018372825385940706851250100179289
124 5 282983949776229592413508230356595904481986380117073493430928
125 1 1
125 2 1150863245506051260870977163040830
125 3 258730078137314557049081680820547681085192437746
125 4 14648800367213211505624332371164409645205220558503889368
125 5 855209769970961423477172303891331624206287037243191804172545
126 1 1
126 2 2116767524522063532540914744364351
126 3 620238022219311511900459054183363978895787385704
126 4 40529187980095994851401902898730882740479983892535131504
126 5 2584540769147310557926079412648878473412059049559385154075532
127 1 1
127 2 3893342471720898491071642457180734
127 3 1486859227872051115256812898392410885451186791989
127 4 112133078212165863337379983653099181986196207867052476148
127 5 7810772967958417658512231237735763414099714254238038657097152
128 1 1
128 2 7160973241749013284483534364585919
128 3 3564358011458005169089690240899449106477946538658
128 4 310241281632565879786229757998170410555643757879210703959
128 5 23605029342739277207463475837764064196302931581355617340567067
129 1 1
129 2 13171083237991975308096091566131008
129 3 8544620630984264224019452077194119133644881754341
129 4 858352007436927951371445857092198606107508125781402987030
129 5 71337023660798275511954264680083169016968044456189050022210815
130 1 1
130 2 24225398951461887083651268387897665
130 3 20483504039925791580499084744695099827979475590209
130 4 2374823119902100677403107792657420442632790625685448660242
130 5 215588378037246720994451383163368371607173799432245871915975201
131 1 1
131 2 44557455431202875676230894318614596
131 3 49103869659491830761451785426253576632937235326553
131 4 6570480175912474527253142361565620537532570768599893412200
131 5 651531818575732513809579384257750292068014501975412796695719274
132 1 1
132 2 81953937620656738067978254272643273
132 3 117713747161449892518594218173881864845854182463515
132 4 18178705338929279373255065711986569274950483660395200573167
132 5 1969000591299947705047722454866498041972281239314779989985443722
133 1 1
133 2 150736792003321500827860416979155538
133 3 282188071263570362029293207573832207972433006066282
133 4 50295460737103723476139334885212831413213394651225428848026
133 5 5950534815955445184184970780255869770070434422471351130086219197
134 1 1
134 2 277248185055181114572069565570413411
134 3 676472455287974597670076650610566255702809569848956
134 4 139153659350873714939005334580559045877891335671501041917128
134 5 17983163683835582521230495422340559541149119751493502472682200313
135 1 1
135 2 509938914679159353467908236822212226
135 3 1621666644923192022644894882662344049458407066213822
135 4 384999771810001947187009109875667856447077256388851689026632
135 5 54347070816827599968632003546918228766048804378615932664431541283
136 1 1
136 2 937923891737661968867838219371781179
136 3 3887523707283741453746517890914992532339501058307704
136 4 1065188116212632767023418692901721131672335038066048466055765
136 5 164242723465122004613658567308661685532642089822063354678987632959
137 1 1
137 2 1725110991472002436907816021764406820
137 3 9319326275844394143013383927763845714412999803587888
137 4 2947081546090080688922026911549427731967494676469235090099054
137 5 496359216357391889782356477709047851698323165054831109239977704191
138 1 1
138 2 3172973797888823759243562477958400229
138 3 22340659189529868836448174955568970108322863786302810
138 4 8153761299042047759965171999490694428983429718537426044862248
138 5 1500050922468002647473675272058727142775144305139595263057596170130
139 1 1
139 2 5836008681098488165019216719094588232
139 3 53555915765756689776917155524355865393347229739350071
139 4 22559207227387930248909100801723533930268478557475250244640996
139 5 4533314795081735143865376290462158854581541333042524512793880525007
140 1 1
140 2 10734093470459314361170595218817395285
140 3 128386368959652186163578079231162603380715189950372778
140 4 62415100468821172362482670028152638724204169691812168541164375
140 5 13700162526535010769030656134396130618290853664224175157154259324173
