1 1 2
2 1 2
2 2 1
3 1 2
3 2 4
4 1 2
4 2 10
4 3 2
5 1 2
5 2 22
5 3 12
6 1 2
6 2 42
6 3 46
6 4 4
7 1 2
7 2 74
7 3 142
7 4 32
8 1 2
8 2 130
8 3 376
8 4 159
8 5 8
9 1 2
9 2 226
9 3 914
9 4 616
9 5 80
10 1 2
10 2 390
10 3 2132
10 4 2029
10 5 484
11 1 2
11 2 678
11 3 4852
11 4 6052
11 5 2240
12 1 2
12 2 1174
12 3 10882
12 4 16995
12 5 8720
13 1 2
13 2 2022
13 3 24178
13 4 45930
13 5 30302
14 1 2
14 2 3490
14 3 53250
14 4 121050
14 5 97602
15 1 2
15 2 6018
15 3 116460
15 4 313338
15 5 298522
16 1 2
16 2 10362
16 3 253382
16 4 799780
16 5 880782
17 1 2
17 2 17866
17 3 548934
17 4 2018766
17 5 2532000
18 1 2
18 2 30798
18 3 1185378
18 4 5049663
18 5 7137858
19 1 2
19 2 53054
19 3 2553472
19 4 12536824
19 5 19819252
20 1 2
20 2 91438
20 3 5489678
20 4 30932656
20 5 54368982
21 1 2
21 2 157582
21 3 11783758
21 4 75925160
21 5 147681694
22 1 2
22 2 271498
22 3 25262954
22 4 185540865
22 5 397868816
23 1 2
23 2 467866
23 3 54106160
23 4 451710928
23 5 1064505264
24 1 2
24 2 806258
24 3 115786688
24 4 1096169189
24 5 2831313974
25 1 2
25 2 1389234
25 3 247622858
25 4 2652652532
25 5 7492209430
26 1 2
26 2 2393942
26 3 529293686
26 4 6403664469
26 5 19737685776
27 1 2
27 2 4125270
27 3 1130892854
27 4 15426139104
27 5 51794020832
28 1 2
28 2 7108358
28 3 2415464946
28 4 37092130944
28 5 135442238736
29 1 2
29 2 12249014
29 3 5157776728
29 4 89043290538
29 5 353088632990
30 1 2
30 2 21107378
30 3 11011074188
30 4 213452224064
30 5 917928431100
31 1 2
31 2 36371250
31 3 23502851452
31 4 511038797274
31 5 2380403863446
32 1 2
32 2 62674090
32 3 50159106886
32 4 1222150280231
32 5 6159065752100
33 1 2
33 2 107998746
33 3 107035863694
33 4 2919903188588
33 5 15903548256178
34 1 2
34 2 186099614
34 3 228385608370
34 4 6970018020386
34 5 40989242577380
35 1 2
35 2 320681966
35 3 487276826512
35 4 16625068089104
35 5 105466563545092
36 1 2
36 2 552591390
36 3 1039576941450
36 4 39627287084825
36 5 270952479794730
37 1 2
37 2 952208478
37 3 2217769516316
37 4 94397273544684
37 5 695124193695648
38 1 2
38 2 1640819738
38 3 4731067361196
38 4 224743796323643
38 5 1781041939915318
39 1 2
39 2 2827417674
39 3 10092251951398
39 4 534816394490648
39 5 4558003600558528
40 1 2
40 2 4872124450
40 3 21528110579308
40 4 1272134701701127
40 5 11652139782511454
41 1 2
41 2 8395510786
41 3 45921362315602
41 4 3024774203615674
41 5 29758080123194546
42 1 2
42 2 14466917670
42 3 97952687283032
42 4 7189556976558656
42 5 75928787494616080
43 1 2
43 2 24928985606
43 3 208935427237270
43 4 17083484815152996
43 5 193571459738249584
44 1 2
44 2 42956939894
44 3 445659409913522
44 4 40581686088098668
44 5 493103006066847076
45 1 2
45 2 74022224262
45 3 950583455610974
45 4 96377481992184074
45 5 1255223588400572158
46 1 2
46 2 127553037506
46 3 2027562880994274
46 4 228835898628360789
46 5 3193118681219834136
47 1 2
47 2 219795870946
47 3 4324699302280822
47 4 543232629986800058
47 5 8117848745530515502
48 1 2
48 2 378746200538
48 3 9224343858893290
48 4 1289346393861596738
48 5 20626159316810002834
49 1 2
49 2 652644962410
49 3 19674940265749314
49 4 3059732413677648508
49 5 52379972236403656392
50 1 2
50 2 1124619770862
50 3 41965272245856330
50 4 7259964978980265069
50 5 132952999269525921214
51 1 2
51 2 1937913787038
51 3 89508773048529044
51 4 17223811357599956828
51 5 337312286382208931654
52 1 2
52 2 3339359457294
52 3 190915110922828412
52 4 40857651267654325447
52 5 855423724994611666246
53 1 2
53 2 5754291979054
53 3 407206132918945956
53 4 96910779463331836156
53 5 2168494879672388945892
54 1 2
54 2 9915637145770
54 3 868535862983972276
54 4 229842293019691458637
54 5 5495097027035323919402
55 1 2
55 2 17086351969018
55 3 1852510798688814604
55 4 545068539463831851298
55 5 13920125563128397342908
56 1 2
56 2 29442729798610
56 3 3951239682634018148
56 4 1292526074668268687194
56 5 35251037691436765174308
57 1 2
57 2 50734899142482
57 3 8427634760799997746
57 4 3064769889533585931954
57 5 89242352713113096925256
58 1 2
58 2 87424976828406
58 3 17975368316049145842
58 4 7266575452491505279664
58 5 225865117082645030149802
59 1 2
59 2 150648305560502
59 3 38339787105738628262
59 4 17228114420615162795994
59 5 571497614893838528933172
60 1 2
60 2 259593000307430
60 3 81775167096466488514
60 4 40843614398541021455583
60 5 1445686971807541910218626
61 1 2
61 2 447323488558422
61 3 174418704932211149272
61 4 96825827405622204103364
61 5 3656247967707114099970920
62 1 2
62 2 770815481590738
62 3 372018530597854058284
62 4 229530733950221984224946
62 5 9244959188212571158562062
63 1 2
63 2 1328247951758482
63 3 793480039686417563086
63 4 544095087916918593498318
63 5 23371594076789473138632862
64 1 2
64 2 2288800187785226
64 3 1692416977421287404204
64 4 1289717732057685772348301
64 5 59073299970890160624738550
65 1 2
65 2 3943997273836730
65 3 3609762978695910379930
65 4 3057045189106630363784442
65 5 149285932683924168181242362
66 1 2
66 2 6796187184936254
66 3 7699277208634364114668
66 4 7245988505720570708408441
66 5 377203865166747718323053894
67 1 2
67 2 11711002067455822
67 3 16421816364421536537288
67 4 17174462825742487195993444
67 5 952944234745423970496406518
68 1 2
68 2 20180075342284030
68 3 35026149576161510879366
68 4 40706095982395066736280807
68 5 2407116712547196189214047952
69 1 2
69 2 34773748529622014
69 3 74707393039534232538216
69 4 96477809959341630498181830
69 5 6079516476587720011253328368
70 1 2
70 2 59921163129004602
70 3 159343644818943923900652
70 4 228658814373877095070570630
70 5 15352772757090014663283533906
71 1 2
71 2 103254493478726570
71 3 339864573490031045777204
71 4 541928178738060805997547882
71 5 38766260616936733239652145232
72 1 2
72 2 177925291633014914
72 3 724898223829178112054870
72 4 1284367978413202440595982652
72 5 97875388552123727629938147878
73 1 2
73 2 306595948838597794
73 3 1546137679876462223204538
73 4 3043909668497269793519605418
73 5 247086244103124539805876633548
74 1 2
74 2 528317671881236422
74 3 3297761814342293612548898
74 4 7213883946400626060257827111
74 5 623708846758775645285783817758
75 1 2
75 2 910382421856788326
75 3 7033806216947238890033702
75 4 17096300131522223221242914834
75 5 1574258743319069276651867547978
76 1 2
76 2 1568745847637704790
76 3 15002426523776266531930272
76 4 40516427768751728575646382380
76 5 3973137860604675153316007039186
77 1 2
77 2 2703219521152047910
77 3 31998720537538122850882430
77 4 96018870147512651862089314134
77 5 10026670560202229177848621135416
78 1 2
78 2 4658113225089015778
78 3 68250166499043374875474450
78 4 227551038299017991590796260195
78 5 25301576470971527307667584297554
79 1 2
79 2 8026732068066069058
79 3 145570982834758543656011270
79 4 539259940855444084622119808196
79 5 63842243378517328253579934520412
80 1 2
80 2 13831443028351721274
80 3 310488780082775734367429742
80 4 1277953039802288412589482957055
80 5 161079506074568521588551514740238
81 1 2
81 2 23833960648728986378
81 3 662242435186415777134813264
81 4 3028511928989494527815751914810
81 5 406392591734913095760205485884362
82 1 2
82 2 41070022776199566222
82 3 1412498839419566284329187062
82 4 7176977321209279908698542669337
82 5 1025241694369134030323313481756734
83 1 2
83 2 70770729032230051326
83 3 3012722924498852923940903574
83 4 17007949665945575267348346103926
83 5 2586325954453181904979858787297542
84 1 2
84 2 121950165819580403438
84 3 6425845563209741665617800226
84 4 40305159341414704047538913905682
84 5 6524064080716287562247003347200880
85 1 2
85 2 210141157887734408910
85 3 13705704827636285611491012522
85 4 95514165613795604153304604234486
85 5 16456311137251302325562316630379874
86 1 2
86 2 362109439881427374282
86 3 29232937939664893156299023282
86 4 226346376683302452264962277846224
86 5 41507572884018818310208916561766994
87 1 2
87 2 623976986562015668826
87 3 62351018817661994602431945400
87 4 536386776327862504795542653194990
87 5 104689699354279182845571086036514394
88 1 2
88 2 1075219911102533266994
88 3 132988670248270955642624558920
88 4 1271105090363531405705985068584273
88 5 264036181365085008595900128553500696
89 1 2
89 2 1852789256861694112754
89 3 283651923203708971770383888242
89 4 3012200282634380658922280373732210
89 5 665896687447109029423861627313027188
90 1 2
90 2 3192675279631193291926
90 3 605002015126157904597631141008
90 4 7138144320383717907670936754244404
90 5 1679326594611024329023706141936474200
91 1 2
91 2 5501529870931140349206
91 3 1290410563750652888591104738354
91 4 16915544691853047545350091705039808
91 5 4234959831776392068186382942577746974
92 1 2
92 2 9480084339876865725126
92 3 2752320456393039693004841824298
92 4 40085371629810647092446714214983843
92 5 10679479967598567705405667031321172954
93 1 2
93 2 16335819526504122800886
93 3 5870432329907475925479427756880
93 4 94991594990789604823447125570469842
93 5 26930127181944135223302077571355911834
94 1 2
94 2 28149433067801970854130
94 3 12521062237216813802976697417394
94 4 225104330521686961906814621741721777
94 5 67907063614878016167510353119029527096
95 1 2
95 2 48506325669979143472626
95 3 26706210157187731309958633728938
95 4 533435585325705837251637943269507542
95 5 171230237401365456462884051819200675298
96 1 2
96 2 83584760813304050282346
96 3 56961753510145534059976077527510
96 4 1264094772900494016196753012282450827
96 5 431753229944173144456903240569099474798
97 1 2
97 2 144030951504143015613274
97 3 121493890125865113828180848613370
97 4 2995551929874686612948749730241847162
97 5 1088631729936456674684255893923004255852
98 1 2
98 2 248190157982557185955550
98 3 259134672419944637338369319257972
98 4 7098615927525158213494155009189541974
98 5 2744841224185758299465469923544158373488
99 1 2
99 2 427674426059996359503534
99 3 552709098167404380509292240736160
99 4 16821710472224840220392558111953998096
99 5 6920617815834843730827369046866224171162
100 1 2
100 2 736956760060561425628638
100 3 1178874846513665688806215611239846
100 4 39862663340876379686177221508347678598
100 5 17448754177180227396855307056628178900948
101 1 2
101 2 1269903536674795119154078
101 3 2514425596161123082765319138496516
101 4 94463098060689787767004501269536171254
101 5 43992271708796296114634572837117481108536
102 1 2
102 2 2188262703942981768383578
102 3 5363025682527555592539783376923870
102 4 223850362143332298347106194433207754315
102 5 110912685016445124726557101553087323185956
103 1 2
103 2 3770753858994951477319434
103 3 11438813108763387929374788896132342
103 4 530460666886727108852700234496522069670
103 5 279627155275997442380927568738090904613316
104 1 2
104 2 6497658914309091021413602
104 3 24397877817286485583799548660260766
104 4 1257037879148157774190557042775906832650
104 5 704970866554140256517560157889935243016520
105 1 2
105 2 11196586397700813583662402
105 3 52038304701099266396061768113794004
105 4 2978813789111707638249107126259457927616
105 5 1777284996038310468965988487799732609158578
106 1 2
106 2 19293648468543652740329062
106 3 110992651754020576782502389786921868
106 4 7058918667342058567901337632055440226751
106 5 4480612801748575060455549189243256702959200
107 1 2
107 2 33246282215459455312528582
107 3 236736550392146431689219496380275846
107 4 16727569729181490692651688651047114074510
107 5 11295683817028863049581455449668653315832080
108 1 2
108 2 57289075363432906472526390
108 3 504936078246496548265232136445778692
108 4 39639428411581434569410654581875780328091
108 5 28476245283926484922528835594669244983273584
109 1 2
109 2 98718952535118392345574598
109 3 1076979632802690343641515432234573356
109 4 93933779151694270957333112918207631900094
109 5 71787413253042596780342082116978273671116422
110 1 2
110 2 170109772723812645856792322
110 3 2297092997375164081376705505252841326
110 4 222595354539765471049348696631014245415699
110 5 180971232111181310097094436309305661775504400
111 1 2
111 2 293128462499164283396970402
111 3 4899476348334093639026707658317628138
111 4 527485223789881355503209319502597853355418
111 5 456211997641396261293974986968544766051088566
112 1 2
112 2 505110871358514922408779930
112 3 10450107381452906730045936160660426636
112 4 1249983875666807003816018361854376075042126
112 5 1150058751392796661029405072647576273709714644
113 1 2
113 2 870393104065373638874373546
113 3 22289064487584640247411500986870617076
113 4 2962091313889199379993936246209738970402840
113 5 2899143737797117740022970230836666659521216306
114 1 2
114 2 1499837359601873765102149422
114 3 47540410600150471539452224286900138062
114 4 7019277334451564026256978075821639306698272
114 5 7308295202972013748945787335550234505965210564
115 1 2
115 2 2584478317613788757070680414
115 3 101399080310584214313419738674871950878
115 4 16633601625552794976617238336179073607998364
115 5 18422952443846521518845018825888204409097883292
116 1 2
116 2 4453501662332810687521202638
116 3 216274393889560213731066982939860906188
116 4 39416688133445806940405743679500197886002923
116 5 46440767447656162606886340357215651610933352388
117 1 2
117 2 7674151073828028068053848686
117 3 461292284988567434379395544243726040090
117 4 93405814882102038965247421232734218702098956
117 5 117067604569917526634486575157193123920091501660
118 1 2
118 2 13223885196236135300784993514
118 3 983891658937262382693408393650195486838
118 4 221343946204263483120992424489636727090705998
118 5 295101510043239763025617657206535332495954316604
119 1 2
119 2 22787033771020588961607614906
119 3 2098545386574417582235660234582286759570
119 4 524519139959501933826604091171425423264262966
119 5 743881308397126348577406368984686153462935293552
120 1 2
120 2 39265987293161370697469088914
120 3 4475993570537237774356802255911214587564
120 4 1242953821320670623954019695018326818112794313
120 5 1875139250101552419611790220786893026906273100246
121 1 2
121 2 67662064909366001432647790738
121 3 9546859730386003017497412109494020198968
121 4 2945429367196137753109476063553458868847944020
121 5 4726734477332949967957158745540023984360983487584
122 1 2
122 2 116593401653664693498174281014
122 3 20362524940058700239702134251488171607584
122 4 6979787490417998012999743477444293389344953067
122 5 11914801858268713275292489262599301771502224858248
123 1 2
123 2 200910529812859037368397534838
123 3 43431288784372982382420980902022290105358
123 4 16540009684315469037136519786124818626680347592
123 5 30033815034964472101856781688901673846873464582616
124 1 2
124 2 346203476501922529099401629350
124 3 92634722414015498496746510383220114106496
124 4 39194875888977174689349060377405178126514723281
124 5 75706358158342600393843715626614565125641785959694
125 1 2
125 2 596568269735088463283786719382
125 3 197580869389406085319809235983316017658090
125 4 92880127926925864901163990764087727489657056826
125 5 190832567537330364732514900158590825609326663000682
126 1 2
126 2 1027989967202830587349993476626
126 3 421420812103133758993640779742374186242016
126 4 220098101113468769662868530575494974863878716864
126 5 481028734630846564903081376364324026106723396036398
127 1 2
127 2 1771403921866213304543869062994
127 3 898849678222680853080083608618453006975650
127 4 521566594889286526423248529794198348064177730632
127 5 1212517544566301341367780704204723770372065456768446
128 1 2
128 2 3052434317954656126376786969290
128 3 1917159098073086219333909570427268971842408
128 4 1235956608104481292531474999915533800529981503608
128 5 3056353743417761540627097273025655239476892082828004
129 1 2
129 2 5259870518752869441629183902202
129 3 4089114227188172144300673745021423048115028
129 4 2928846861571600486628683642914347799229974383468
129 5 7704028238384422424363439047341629449143740758581670
130 1 2
130 2 9063663618021398984849518529662
130 3 8721683651501166426233492032802825698684680
130 4 6940489347729968472425582019102208532230681599215
130 5 19419178553333865765862237162259533325855754578207708
131 1 2
131 2 15618254838737505446976790320654
131 3 18602504476663284255586204832968823646376512
131 4 16446879375934508222631753611492655406619902305154
131 5 48948868888150471280123392921946017615148260490609240
132 1 2
132 2 26912945414560462683102227172030
132 3 39677336008935465656416826775536694927464182
132 4 38974173270149292542192836828728398733020984980072
132 5 123382439759960465503845376886786774115612402686787730
133 1 2
133 2 46375644293537473946636605424446
133 3 84627905599528642645551416614025975040188036
133 4 92357103925923104362268238888753722526396048309896
133 5 311001870498711379589178708480664562464412327481207782
134 1 2
134 2 79913229507653267550123425376890
134 3 180503106472407662294060929906973989069023548
134 4 218858637822494067614917734103522415461539895638687
134 5 783919856714744338092296312692762472493234902445450752
135 1 2
135 2 137704270153563825337458975734378
135 3 384995601809735554588100471504255326003966074
135 4 518629325053407522069998948948770967075945395805816
135 5 1975965716733112392245064501955524447544699544386807492
136 1 2
136 2 237288195400858613964305786791234
136 3 821158241038324107505195317502471262295775336
136 4 1228995917416033422308522950029894823027134925556473
136 5 4980652893071560593879829376547546534669136199585548798
137 1 2
137 2 408888465214663148694971839933922
137 3 1751450805296148318464485695028980503768531524
137 4 2912351596157101988198567193913600004767992877163146
137 5 12554295033661488495921647530576305241117720820234069166
138 1 2
138 2 704585311136795931132607425794310
138 3 3735674526621836133525708066482597436744808308
138 4 6901399415788544445863465262735597091530748955719573
138 5 31644454752710608944068695043258427249588490627467738270
139 1 2
139 2 1214121949879677549167156659868198
139 3 7967831084180168710550223539447500661587704324
139 4 16354245616174119290833003273804454769732511393618736
139 5 79763128824639831930895897921270796499413142712036077170
140 1 2
140 2 2092141414077015593030500379432982
140 3 16994610138971988254883814673469614747702762178
140 4 38754654044657140363600615600765008876421311674748348
140 5 201050921166052490382695679436674469884133718863632611176
