1 1 2
1 SUM 2
2 1 2
2 2 1
2 SUM 3
3 1 2
3 2 4
3 SUM 6
4 1 2
4 2 10
4 3 2
4 SUM 14
5 1 2
5 2 22
5 3 12
5 SUM 36
6 1 2
6 2 42
6 3 46
6 4 4
6 SUM 94
7 1 2
7 2 74
7 3 142
7 4 32
7 SUM 250
8 1 2
8 2 130
8 3 376
8 4 159
8 5 8
8 SUM 675
9 1 2
9 2 226
9 3 914
9 4 616
9 5 80
9 SUM 1838
10 1 2
10 2 390
10 3 2132
10 4 2029
10 5 484
10 6 16
10 SUM 5053
11 1 2
11 2 678
11 3 4852
11 4 6052
11 5 2240
11 6 192
11 SUM 14016
12 1 2
12 2 1174
12 3 10882
12 4 16995
12 5 8720
12 6 1364
12 7 32
12 SUM 39169
13 1 2
13 2 2022
13 3 24178
13 4 45930
13 5 30302
13 6 7312
13 7 448
13 SUM 110194
14 1 2
14 2 3490
14 3 53250
14 4 121050
14 5 97602
14 6 32645
14 7 3648
14 8 64
14 SUM 311751
15 1 2
15 2 6018
15 3 116460
15 4 313338
15 5 298522
15 6 128620
15 7 22176
15 8 1024
15 SUM 886160
16 1 2
16 2 10362
16 3 253382
16 4 799780
16 5 880782
16 6 464098
16 7 111334
16 8 9392
16 9 128
16 SUM 2529260
