# T(n,H) assembled, n=1..23. ayr H=1-16 + dalby H=17-23.
1 1 1
2 1 1
3 1 1
4 1 1
5 1 1
6 1 1
7 1 1
8 1 1
9 1 1
10 1 1
11 1 1
12 1 1
13 1 1
14 1 1
15 1 1
16 1 1
17 1 1
18 1 1
19 1 1
20 1 1
21 1 1
22 1 1
23 1 1
2 2 3
3 2 10
4 2 27
5 2 68
6 2 167
7 2 406
8 2 983
9 2 2376
10 2 5739
11 2 13858
12 2 33459
13 2 80780
14 2 195023
15 2 470830
16 2 1136687
17 2 2744208
18 2 6625107
19 2 15994426
20 2 38613963
21 2 93222356
22 2 225058679
23 2 543339718
3 3 9
4 3 55
5 3 248
6 3 996
7 3 3775
8 3 13837
9 3 49676
10 3 175964
11 3 617789
12 3 2156027
13 3 7493644
14 3 25972328
15 3 89842939
16 3 310363225
17 3 1071143992
18 3 3694368600
19 3 12736006193
20 3 43892151231
21 3 151231714240
22 3 520991378956
23 3 1794610982967
4 4 27
5 4 240
6 4 1480
7 4 7898
8 4 39119
9 4 185198
10 4 850650
11 4 3824200
12 4 16922729
13 4 74000548
14 4 320659524
15 4 1379699712
16 4 5903624563
17 4 25150677404
18 4 106773776116
19 4 452027455240
20 4 1909356781727
21 4 8050427299808
22 4 33892985448916
23 4 142521237368302
5 5 81
6 5 945
7 5 7273
8 5 47066
9 5 278240
10 5 1558399
11 5 8422286
12 5 44372452
13 5 229332571
14 5 1167671359
15 5 5874715998
16 5 29271201169
17 5 144687669852
18 5 710473784059
19 5 3469435781222
20 5 16863281286022
21 5 81640592090589
22 5 393917133975378
23 5 1895173182963164
6 6 243
7 6 3510
8 6 32193
9 6 241864
10 6 1631340
11 6 10311170
12 6 62471842
13 6 367493910
14 6 2115284593
15 6 11972716752
16 6 66862623043
17 6 369308536084
18 6 2021147613576
19 6 10975452058596
20 6 59204157481772
21 6 317531017597242
22 6 1694546915214127
23 6 9003876805981488
7 7 729
8 7 12555
9 7 133326
10 7 1134865
11 7 8533676
12 7 59434367
13 7 393543824
14 7 2516136965
15 7 15683719545
16 7 95904920644
17 7 577719245153
18 7 3438189032325
19 7 20257323484797
20 7 118344693863313
21 7 686360974873648
22 7 3955580017179536
23 7 22670535737637311
8 8 2187
9 8 43740
10 8 527094
11 8 5001114
12 8 41336884
13 8 313029646
14 8 2234817674
15 8 15308484950
16 8 101757872857
17 8 661337991802
18 8 4224131600730
19 8 26611876627714
20 8 165789452595498
21 8 1023295051003172
22 8 6266462678948104
23 8 38114972858288962
9 9 6561
10 9 149445
11 9 2013255
12 9 21039624
13 9 189262009
14 9 1544727695
15 9 11793556454
16 9 85849256593
17 9 603392972436
18 9 4130289887503
19 9 27701775032858
20 9 182837842220785
21 9 1191320560806893
22 9 7680860035709410
23 9 49087492875547087
10 10 19683
11 10 503010
12 10 7487559
13 10 85389768
14 10 829622715
15 10 7251119572
16 10 58863947192
17 10 452930356022
18 10 3348606811298
19 10 24014057424024
20 10 168184063948895
21 10 1156057832032848
22 10 7828062099180138
23 10 52362241417256686
11 11 59049
12 11 1673055
13 11 27261684
14 11 336733767
15 11 3511995435
16 11 32703766750
17 11 281054436836
18 11 2277043672928
19 11 17644523530186
20 11 132107598093637
21 11 962797249464752
22 11 6867740599560941
23 11 48146545977248522
12 12 177147
13 12 5511240
14 12 97548948
15 12 1296946890
16 12 14446874853
17 12 142727058846
18 12 1293898414102
19 12 11003764277892
20 12 89123929241486
21 12 694918765309300
22 12 5257610926802452
23 12 38826609174639928
13 13 531441
14 13 18009945
15 13 344039157
16 13 4897624662
17 13 58015415862
18 13 605908537758
19 13 5776897734667
20 13 51437609215985
21 13 434488576945172
22 13 3521085234178586
23 13 27605091155079103
14 14 1594323
15 14 58458510
16 14 1198596285
17 14 18187039512
18 14 228244737222
19 14 2512138867830
20 14 25124129020857
21 14 233701237739494
22 14 2054838878732818
23 14 17278818571437182
15 15 4782969
16 15 188661555
17 15 4132130922
18 15 66567571389
19 15 882180009630
20 15 10204408045521
21 15 106805460671316
22 15 1035856891052731
23 15 9464813564473094
16 16 14348907
17 16 605842740
18 16 14116135842
19 16 240601488426
20 16 3357266652450
21 16 40713857307270
22 16 445051221055038
23 16 4492550651512074
17 17 43046721
18 17 1937102445
19 17 47839787379
20 17 860061675780
21 17 12603225135159
22 17 159885466474473
23 17 1821918690703296
18 18 129140163
19 18 6170030010
20 18 160989953571
21 18 3044407243896
22 18 46741608386541
23 18 619065902379384
19 19 387420489
20 19 19586258055
21 19 538370990640
22 19 10682543902131
23 19 171476427040101
20 20 1162261467
21 20 61987278240
22 20 1790284428576
23 20 37190476076922
21 21 3486784401
22 21 195647346945
23 21 5923271856321
22 22 10460353203
23 22 615998577510
23 23 31381059609
