1 1
2 1
3 3
4 7
5 22
6 82
7 333
8 1448
9 6572
10 30490
11 143552
12 683101
13 3274826
14 15796897
15 76581875
16 372868101
17 1822236628
18 8934910362
19 43939164263
20 216651036012
21 1070793308942
22 5303855973849
23 26323064063884
24 130878392115834
25 651812979669234
26 3251215493161062
27 16240020734253127
28 81227147768301723
29 406770970805865187
30 2039375198751047333
31 10235534401150791938
32 51423416130016135698
33 258596002056308380673
34 1301574358659039221669
35 6556625094801580406231
36 33054884840256184854480
