# A001168. Re-verified against OEIS 2026-08-22 by
#   scripts/fixture_oeis_recheck.py: 71 shared terms, 0 disagreements.
#   Our copy carries a(57)-a(66) from Barequet and
#   Ben-Shachar (2024); all 71 shared terms agree with the OEIS b-file.
# A001168 b-file with added a(57)-a(66) from Gill Barequet and Gil Ben-Shachar (2024)
0 1
1 1
2 2
3 6
4 19
5 63
6 216
7 760
8 2725
9 9910
10 36446
11 135268
12 505861
13 1903890
14 7204874
15 27394666
16 104592937
17 400795844
18 1540820542
19 5940738676
20 22964779660
21 88983512783
22 345532572678
23 1344372335524
24 5239988770268
25 20457802016011
26 79992676367108
27 313224032098244
28 1228088671826973
29 4820975409710116
30 18946775782611174
31 74541651404935148
32 293560133910477776
33 1157186142148293638
34 4565553929115769162
35 18027932215016128134
36 71242712815411950635
37 281746550485032531911
38 1115021869572604692100
39 4415695134978868448596
40 17498111172838312982542
41 69381900728932743048483
42 275265412856343074274146
43 1092687308874612006972082
44 4339784013643393384603906
45 17244800728846724289191074
46 68557762666345165410168738
47 272680844424943840614538634
48 1085035285182087705685323738
49 4319331509344565487555270660
50 17201460881287871798942420736
51 68530413174845561618160604928
52 273126660016519143293320026256
53 1088933685559350300820095990030
54 4342997469623933155942753899000
55 17326987021737904384935434351490
56 69150714562532896936574425480218
57 276061302869769053815091348274853
58 1102414654388614817828362087885194
59 4403627610727810528935609181494038
60 17595360125786076902429902468975094
61 70324022977839757717649768794923974
62 281140509936541236506957176030736610
63 1124226206002101486403009097923067462
64 4496670726609716846990603851802851046
65 17990046482672581050565325516788100067
66 71990329116147598315672557624308271186
67 288146737936083547752609866746184117546
68 1153580914959613979832549218358894513290
69 4619282047583828929546825973053580643926
70 18500792645885711270652890811942343400814
