# A006535. Re-verified against OEIS 2026-08-22 by
#   scripts/fixture_oeis_recheck.py: 36 shared terms, 0 disagreements.
1 1
2 1
3 3
4 10
5 33
6 147
7 620
8 2821
9 12942
10 60639
11 286190
12 1364621
13 6545430
14 31586358
15 153143956
16 745700845
17 3644379397
18 17869651166
19 87877879487
20 433301253231
21 2141584454057
22 10607707971062
23 52646117638427
24 261756764824964
25 1303625908234997
26 6502430891223011
27 32480041218465452
28 162454295068924189
29 813541940383789255
30 4078750395194965720
31 20471068796251697304
32 102846832248619576029
33 517192004082724847770
34 2603148717261485159185
35 13113250189455093504663
36 66109769680231120769038
