# A348849. Re-verified against OEIS 2026-08-22 by
#   scripts/fixture_oeis_recheck.py: 97 shared terms, 0 disagreements.
1 1
2 0
3 0
4 0
5 1
6 0
7 0
8 1
9 2
10 0
11 0
12 3
13 6
14 0
15 0
16 10
17 18
18 0
19 0
20 35
21 57
22 0
23 0
24 126
25 191
26 0
27 0
28 461
29 658
30 0
31 0
32 1699
33 2308
34 0
35 0
36 6315
37 8241
38 0
39 0
40 23686
41 29853
42 0
43 0
44 89432
45 109268
46 0
47 0
48 339473
49 403450
50 0
51 0
52 1294830
53 1501074
54 0
55 0
56 4960004
57 5621231
58 0
59 0
60 19070606
61 21167298
62 0
63 0
64 73561471
65 80092357
66 0
67 0
68 284566858
69 304343386
70 0
71 0
72 1103672496
73 1160856081
74 0
75 0
76 4290480930
77 4442813675
78 0
79 0
80 16714111934
81 17055054919
82 0
83 0
84 65236061982
85 65650200953
86 0
87 0
88 255062542193
89 253336435048
90 0
91 0
92 998842665277
93 979812900885
94 0
95 0
96 3917268781739
97 3797428675139
