# A390654. Re-verified against OEIS 2026-08-22 by
#   scripts/fixture_oeis_recheck.py: 29 shared terms, 0 disagreements.
# A390654 (b-file synthesized from sequence entry)
1 1
2 3
3 10
4 35
5 127
6 472
7 1778
8 6760
9 25896
10 99783
11 386320
12 1501661
13 5856748
14 22908230
15 89828072
16 353006402
17 1389925354
18 5482090062
19 21655518914
20 85662816994
21 339281765621
22 1345314845818
23 5339982398682
24 21216353719303
25 84369161695005
26 335775967151692
27 1337341813545314
28 5330144686746579
29 21257810880609714
