# A390653. Re-verified against OEIS 2026-08-22 by
#   scripts/fixture_oeis_recheck.py: 59 shared terms, 0 disagreements.
1 1
2 0
3 2
4 0
5 7
6 0
7 24
8 1
9 86
10 6
11 316
12 27
13 1178
14 114
15 4442
16 472
17 16896
18 1926
19 64716
20 7789
21 249283
22 31348
23 964708
24 125802
25 3748031
26 503948
27 14610484
28 2016677
29 57118440
30 8065830
31 223859532
32 32251819
33 879285686
34 128955260
35 3460424846
36 515657653
37 13642112667
38 2062335114
39 53865266960
40 8250061654
41 212982833863
42 33011955188
43 843202561450
44 132132934138
45 3342114787290
46 529032164150
47 13260804930438
48 2118783780213
49 52667141592300
50 8488385208118
51 209361911445176
52 34017019523282
53 832940890785598
54 136363468404368
55 3316370384325374
56 546798865890672
57 13213587492371313
58 2193217495584004
59 52682486874469758
