CONTROL polyomino table, W = 34
D=2 degs=[8, 12, 16] unknowns=289 equations=465 TFIT=29 THOLD=34
nullspace dim mod p = 1
lifted vector #0
EXACT check i+j<=34: 630 coeffs, 0 bad -> HOLDOUT PASS
A2: 45 terms [((0, 0), 1), ((0, 1), -8), ((0, 2), 28), ((0, 3), -56), ((0, 4), 70), ((0, 5), -56), ((0, 6), 28), ((0, 7), -8), ((0, 8), 1), ((1, 0), -8), ((1, 1), 40), ((1, 2), -72)] ...
   symmetric: True
A1: 43 terms [((1, 1), -2), ((1, 2), 14), ((1, 3), -42), ((1, 4), 70), ((1, 5), -70), ((1, 6), 42), ((1, 7), -14), ((1, 8), 2), ((2, 1), 14), ((2, 2), -66), ((2, 3), 118), ((2, 4), -90)] ...
   symmetric: True
A0: 37 terms [((2, 2), 1), ((2, 3), -6), ((2, 4), 15), ((2, 5), -20), ((2, 6), 15), ((2, 7), -6), ((2, 8), 1), ((3, 2), -6), ((3, 3), 28), ((3, 4), -50), ((3, 5), 40), ((3, 6), -10)] ...
   symmetric: True
saved out_s02_bivar_eq_control_D2.json
