== king ==
stacks (F00):     1, 2, 4, 8, 15, 27, 47, 79, 130, 209, 330, 512, 784, 1183, 1765, 2604, 3804, 5504, 7898, 11240, 15880, 22277, 31048, 43003
directed (F00+F10): 1, 3, 10, 33, 107, 342, 1084, 3417, 10737, 33675, 105505, 330353, 1034050, 3236139, 10126775, 31687867, 99152397, 310246824, 970752070, 3037439857, 9503995515, 29737491963, 93046971075, 291138765361
full:             1, 4, 16, 61, 221, 766, 2566, 8390, 26982, 85834, 271174, 853111, 2677214, 8389720, 26271014, 82230035, 257333334, 805229818, 2519563026, 7883577553, 24667161861, 77181772540, 241496421322, 755626445009
== poly ==
stacks (F00):     1, 2, 4, 8, 15, 27, 47, 79, 130, 209, 330, 512, 784, 1183, 1765, 2604, 3804, 5504, 7898, 11240, 15880, 22277, 31048, 43003
directed (F00+F10): 1, 2, 5, 13, 33, 82, 200, 481, 1144, 2699, 6329, 14775, 34381, 79819, 185001, 428290, 990716, 2290424, 5293153, 12229209, 28249088, 65246630, 150687282, 347993954
full:             1, 2, 6, 19, 59, 176, 502, 1374, 3630, 9312, 23320, 57279, 138536, 331032, 783630, 1841867, 4306172, 10028276, 23288394, 53974959, 124925967, 288878550, 667602492, 1542254655

stacks identical king vs poly (phase (0,0) has no king constraint): OK
stacks vs independent nested-interval DP (n<=22): OK
