KING directed-convex semiperimeter a(s), s=2..15:
  1,2,7,24,86,314,1163,4352,16414,62292,237590,909960,3497248,13480826
KING diagonal d(n,n), n=1..14:
  1,5,46,517,6376,82994,1119210,15475205,217994860,3115374880,45035696036,657153097330,9663914317396,143050882063262
KING row d(w,2), w=1..14: 1,5,11,19,29,41,55,71,89,109,131,155,181,209
POLYOMINO directed-convex semiperimeter a(s), s=2..15:
  1,2,6,20,70,252,924,3432,12870,48620,184756,705432,2704156,10400600
POLYOMINO diagonal d(n,n), n=1..14:
  1,4,36,400,4900,63504,853776,11778624,165636900,2363904400,34134779536,497634306624,7312459672336,108172480360000
POLYOMINO row d(w,2), w=1..14: 1,4,9,16,25,36,49,64,81,100,121,144,169,196
