validation 1: brute force small boxes
  f(1,1) dp=1 brute=1 OK
  f(1,2) dp=1 brute=1 OK
  f(1,3) dp=1 brute=1 OK
  f(1,4) dp=1 brute=1 OK
  f(2,1) dp=1 brute=1 OK
  f(2,2) dp=7 brute=7 OK
  f(2,3) dp=17 brute=17 OK
  f(2,4) dp=31 brute=31 OK
  f(3,1) dp=1 brute=1 OK
  f(3,2) dp=17 brute=17 OK
  f(3,3) dp=90 brute=90 OK
  f(3,4) dp=284 brute=284 OK
  f(4,1) dp=1 brute=1 OK
  f(4,2) dp=31 brute=31 OK
  f(4,3) dp=284 brute=284 OK
  f(4,4) dp=1398 brute=1398 OK
validation 2: transpose symmetry
  f(w,h)==f(h,w) for all w,h <= 30  OK

f(w,h) table (rows w=1..30, cols h=1..30):
  1 1 1 1 1 1 1 1 1 1 1 1 1 1 1 1 1 1 1 1 1 1 1 1 1 1 1 1 1 1
  1 7 17 31 49 71 97 127 161 199 241 287 337 391 449 511 577 647 721 799 881 967 1057 1151 1249 1351 1457 1567 1681 1799
  1 17 90 284 687 1411 2592 4390 6989 10597 15446 21792 29915 40119 52732 68106 86617 108665 134674 165092 200391 241067 287640 340654 400677 468301 544142 628840 723059 827487
  1 31 284 1398 4861 13555 32436 69350 135985 248959 431044 712526 1132701 1741507 2601292 3788718 5396801 7537087 10341964 13967110 18594077 24433011 31725508 40747606 51812913 65275871 81535156 101037214 124279933 151816451
  1 49 687 4861 23020 83858 253876 669660 1587491 3455623 7015285 13437183 24500998 42826096 72162386 117750982 186765045 288841901 436718251 646981009 940947024 1345685662 1895198944 2631774656 3607528567 4886152611 6544886609 8676731827 11392925386 14825695260
  1 71 1411 13555 83858 386774 1445748 4613486 13010537 33221147 78172851 171785879 356173790 702411438 1326164040 2409795382 4232947689 7214014023 11965409883 19366097587 30655428642 47553049278 72410366260 108399897622 159749739713 232031371531 332510093371 470568562951 658215152030 910690203718
  1 97 2592 32436 253876 1445748 6539320 24831150 82162821 243224643 656735266 1641263816 3839749812 8485374470 17841579918 35906171930 69505262945 129949253173 235482315788 414831441916 712253811340 1194595206792 1961010844428 3156167169030 4987943053077 7750886030071 11856958680542 17875437497872 26584207359676 39035135451066
  1 127 4390 69350 669660 4613486 24831150 110639796 424473531 1442018281 4428441508 12488871024 32742663430 80586253896 187669505056 416225864482 883914445509 1805544792707 3561210039610 6804764965330 12632644214048 22841207251890 40311713080842 69576387018888 117637705696223 195137021191821 317999184573352 509718338433100 804498191163370 1251519793670380
  1 161 6989 135985 1587491 13010537 82162821 424473531 1868934548 7221601676 25027658946 79100507828 230975945720 629649830566 1616008505184 3932071949504 9123309185827 20284361686115 43396779786507 89659132940947 179439049432217 348816001778943 660176759390655 1219030325555569 2200201608754702 3887940943893446 6736375078707656 11459282959855534 19161605678035430 31529642130708116
  1 199 10597 248959 3455623 33221147 243224643 1442018281 7221601676 31491066138 122312788486 430565564192 1392590091750 4183862973850 11780754720940 31319007374626 79096244579269 190755265120051 441263560980021 982832273158631 2114748742475635 4408506837073887 8926478443931651 17595371815808929 33830687543729268 63560648558252666 116875006925157274 210635741570894812 372546454875227014 647403234172984738
  1 241 15446 431044 7015285 78172851 656735266 4428441508 25027658946 122312788486 529137892888 2063188059078 7354467606124 24241694976400 74579881810544 215813606354458 591211689020509 1541675405335043 3844696093419208 9206677480688604 21244068658546613 47380199075031997 102411979561456020 215047469698782548 439610048186755642 876540861176285736 1707594887391015086 3255135799600388566 6080293594368437224 11142813956699600090
  1 287 21792 712526 13437183 171785879 1641263816 12488871024 79100507828 430565564192 2063188059078 8866240197368 34674721762040 124879661217834 418192893361258 1312664854415208 3888219152422963 10930782157741909 29307751765777178 75262916715599608 185799315305142045 442354092563985713 1018568946078346762 2274028220611870830 4933519973805289838 10421765507170705006 21474751507199952772 43233425620760350342 85163013232047413246 164361016484544961788
  1 337 29915 1132701 24500998 356173790 3839749812 32742663430 230975945720 1392590091750 7354467606124 34674721762040 148168141823004 580847215426102 2109936518410330 7161134474173944 22868187413550633 69118886250128013 198741102525826809 546029821712551997 1438956842812082872 3649568859752374260 8934801681729906608 21169910946653510392 48658718515715970372 108722598426725136886 236599783009196504522 502321860667592553340 1042056121200703310266 2115184926648313074488
  1 391 40119 1741507 42826096 702411438 8485374470 80586253896 629649830566 4183862973850 24241694976400 124879661217834 580847215426102 2469974025698512 9701445481500974 35497970747923662 121876399361623629 395044455918467829 1215258435574912681 3564241403781034179 10006165496628599312 26982712560012569212 70106560968903282936 175984424619943323008 427849807358531092166 1009621896205684718640 2317021126180500212986 5180548731148416799630 11303020282692582814654 24100232836462258772874
  1 449 52732 2601292 72162386 1326164040 17841579918 187669505056 1616008505184 11780754720940 74579881810544 418192893361258 2109936518410330 9701445481500974 41080498416340944 161610603917590540 595043052036016675 2063514917202030111 6776434557720947160 21172395682571985614 63196897006728715252 180860756557029855060 497851384048621084592 1321878453477340944006 3394044721151360290370 8446217570083097765058 20413243235359692422436 48002945899430232997880 110016152362641950870232 246115395062997170087234
  1 511 68106 3788718 117750982 2409795382 35906171930 416225864482 3932071949504 31319007374626 215813606354458 1312664854415208 7161134474173944 35497970747923662 161610603917590540 681815426132277916 2685831959711119065 9942824486369377431 34783598651368898480 115549821500841805862 366038282729791046808 1109834420803927574148 3231398507269745118778 9061329201759630260892 24535551141157922860780 64301270770083383284366 163448096262418611902540 403743882624788794693368 970846220104544897952262 2276138304534588290913128
  1 577 86617 5396801 186765045 4232947689 69505262945 883914445509 9123309185827 79096244579269 591211689020509 3888219152422963 22868187413550633 121876399361623629 595043052036016675 2685831959711119065 11294391080831996640 44541546127350539586 165674845134803126416 584094888942520475424 1960308109357483259626 6286856887287263538776 19331968024960711856760 57168378631255469237018 163019412249744045391292 449338969526009621493180 1199789389178179714301614 3109477353133225007607724 7836065933666092839155908 19232907197414813267141430
  1 647 108665 7537087 288841901 7214014023 129949253173 1805544792707 20284361686115 190755265120051 1541675405335043 10930782157741909 69118886250128013 395044455918467829 2063514917202030111 9942824486369377431 44541546127350539586 186764566821629680798 737255706502307946204 2753778867172217381894 9775702640207678740930 33110659922951389349248 107371545081983277632522 334386696091626003589110 1002868252092607069573516 2903686061546753141470478 8134619572650057135291634 22094600493901717595964056 58290232047158092395701466 149621856868264968458946974
  1 721 134674 10341964 436718251 11965409883 235482315788 3561210039610 43396779786507 441263560980021 3844696093419208 29307751765777178 198741102525826809 1215258435574912681 6776434557720947160 34783598651368898480 165674845134803126416 737255706502307946204 3083372684969220502036 12181903521598742341272 45671468780348121280802 163133828540922613745680 557116110596724048423138 1824808508000727860731974 5748884008337881355044374 17464103941617228604595946 51274416919151075061470808 145797095904203616746263302 402264004259333269774100596 1078788151127359136194477796
  1 799 165092 13967110 646981009 19366097587 414831441916 6804764965330 89659132940947 982832273158631 9206677480688604 75262916715599608 546029821712551997 3564241403781034179 21172395682571985614 115549821500841805862 584094888942520475424 2753778867172217381894 12181903521598742341272 50829436120831017249324 200966874903334103176898 755969141835710018271972 2715299849589686530790148 9342454566985173250653702 30880512341440057940382588 98313772479146389414968120 302181784037215223864384382 898606053471465656504470552 2590345007386565703398417308 7251035079071415524365596714
  1 881 200391 18594077 940947024 30655428642 712253811340 12632644214048 179439049432217 2114748742475635 21244068658546613 185799315305142045 1438956842812082872 10006165496628599312 63196897006728715252 366038282729791046808 1960308109357483259626 9775702640207678740930 45671468780348121280802 200966874903334103176898 836785756905440885003260 3310594846520626861967910 12490837164239437054479930 45091241133614174009163180 156200708482994935720005000 520610078618451732976001238 1673476502598293990218467032 5199323714563248921132868304 15644177270375023486623731676 45668983722595506833771431886
  1 967 241067 24433011 1345685662 47553049278 1194595206792 22841207251890 348816001778943 4408506837073887 47380199075031997 442354092563985713 3649568859752374260 26982712560012569212 180860756557029855060 1109834420803927574148 6286856887287263538776 33110659922951389349248 163133828540922613745680 755969141835710018271972 3310594846520626861967910 13758453841841334958821840 54464395187118394829474010 206053864295904755146651950 747259474883518769714503830 2604679495534954197349237606 8747575231119909882986302316 28368259664861225775467427186 89015360594732035242359324254 270760138317473044778541474068
  1 1057 287640 31725508 1895198944 72410366260 1961010844428 40311713080842 660176759390655 8926478443931651 102411979561456020 1018568946078346762 8934801681729906608 70106560968903282936 497851384048621084592 3231398507269745118778 19331968024960711856760 107371545081983277632522 557116110596724048423138 2715299849589686530790148 12490837164239437054479930 54464395187118394829474010 225955657013245038744484140 894934458808338967379157510 3394183257555008012482088732 12360744027775714875616861080 43330719905960717428270903720 146543796166951872581315270098 479127379543526203516188966766 1517266859533717408365024970194
  1 1151 340654 40747606 2631774656 108399897622 3156167169030 69576387018888 1219030325555569 17595371815808929 215047469698782548 2274028220611870830 21169910946653510392 175984424619943323008 1321878453477340944006 9061329201759630260892 57168378631255469237018 334386696091626003589110 1824808508000727860731974 9342454566985173250653702 45091241133614174009163180 206053864295904755146651950 894934458808338967379157510 3706915328542454342248011748 14688696187910623888018584376 55835518177759193087352309578 204121364201677783003365057490 719302199077038938379160958408 2448421922269348806433153348704 8065712604274136129321462474558
  1 1249 400677 51812913 3607528567 159749739713 4987943053077 117637705696223 2200201608754702 33830687543729268 439610048186755642 4933519973805289838 48658718515715970372 427849807358531092166 3394044721151360290370 24535551141157922860780 163019412249744045391292 1002868252092607069573516 5748884008337881355044374 30880512341440057940382588 156200708482994935720005000 747259474883518769714503830 3394183257555008012482088732 14688696187910623888018584376 60753574345284273728139861204 240838439564460105883920351726 917392473837816327129261151074 3365654210979257150267972251404 11917631438623628716488464915038 40809345544499712800267450584190
  1 1351 468301 65275871 4886152611 232031371531 7750886030071 195137021191821 3887940943893446 63560648558252666 876540861176285736 10421765507170705006 108722598426725136886 1009621896205684718640 8446217570083097765058 64301270770083383284366 449338969526009621493180 2903686061546753141470478 17464103941617228604595946 98313772479146389414968120 520610078618451732976001238 2604679495534954197349237606 12360744027775714875616861080 55835518177759193087352309578 240838439564460105883920351726 994789640588980132467794165208 3945045864777458127486763239906 15056083504540644075835902536854 55417346668478833848121769992228 197110127414033261126085397957866
  1 1457 544142 81535156 6544886609 332510093371 11856958680542 317999184573352 6736375078707656 116875006925157274 1707594887391015086 21474751507199952772 236599783009196504522 2317021126180500212986 20413243235359692422436 163448096262418611902540 1199789389178179714301614 8134619572650057135291634 51274416919151075061470808 302181784037215223864384382 1673476502598293990218467032 8747575231119909882986302316 43330719905960717428270903720 204121364201677783003365057490 917392473837816327129261151074 3945045864777458127486763239906 16274906928237932664049952881004 64564198007920537141804370669678 246841994780065846005569453021634 911314029687178498008948288749288
  1 1567 628840 101037214 8676731827 470568562951 17875437497872 509718338433100 11459282959855534 210635741570894812 3255135799600388566 43233425620760350342 502321860667592553340 5180548731148416799630 48002945899430232997880 403743882624788794693368 3109477353133225007607724 22094600493901717595964056 145797095904203616746263302 898606053471465656504470552 5199323714563248921132868304 28368259664861225775467427186 146543796166951872581315270098 719302199077038938379160958408 3365654210979257150267972251404 15056083504540644075835902536854 64564198007920537141804370669678 266047140418012577470554952239300 1055775807963143084984570324080342 4043058815829374291128318124281286
  1 1681 723059 124279933 11392925386 658215152030 26584207359676 804498191163370 19161605678035430 372546454875227014 6080293594368437224 85163013232047413246 1042056121200703310266 11303020282692582814654 110016152362641950870232 970846220104544897952262 7836065933666092839155908 58290232047158092395701466 402264004259333269774100596 2590345007386565703398417308 15644177270375023486623731676 89015360594732035242359324254 479127379543526203516188966766 2448421922269348806433153348704 11917631438623628716488464915038 55417346668478833848121769992228 246841994780065846005569453021634 1055775807963143084984570324080342 4345844405016820275440516381936056 17251071869809408784914043338644732
  1 1799 827487 151816451 14825695260 910690203718 39035135451066 1251519793670380 31529642130708116 647403234172984738 11142813956699600090 164361016484544961788 2115184926648313074488 24100232836462258772874 246115395062997170087234 2276138304534588290913128 19232907197414813267141430 149621856868264968458946974 1078788151127359136194477796 7251035079071415524365596714 45668983722595506833771431886 270760138317473044778541474068 1517266859533717408365024970194 8065712604274136129321462474558 40809345544499712800267450584190 197110127414033261126085397957866 911314029687178498008948288749288 4043058815829374291128318124281286 17251071869809408784914043338644732 70939132399196106048755764402198856

semiperimeter sequence a(s)=sum_{w+h=s} f(w,h), s=2..60:
  1, 2, 9, 36, 154, 668, 2916, 12740, 55570, 241692, 1047604, 4524464, 19470660, 83500968, 356923968, 1520962956, 6462604898, 27385953724, 115760525316, 488181510848, 2054285046316, 8627071911816, 36161710424024, 151311476669320, 632094578750484, 2636484792140888, 10981037255552776, 45674599082396640, 189738142469481640, 787255032236740832, 3262773591050306422?, 13508171774507868056?, 55868843905485244954?, 230849892819200135580?, 953011667601205094074?, 3930930690610798639284?, 16200925352528246330744?, 66718892758059666378564?, 274560743026501809316400?, 1129076089365546648395236?, 4639971438201602597911256?, 19055559346201695370692580?, 78205476758063969999394984?, 320722622289481359189109156?, 1314054790831844146882742080?, 5376612062992602432686306316?, 21952577669117094531822634732?, 89330944639766844814695022360?, 361612994541339424332299798952?, 1452375888500834607089462870908?, 5767954022140689160074099265840?, 22552777715119562985105827620416?, 86353762023114750507341612733904?, 321581780441798167580387182492192?, 1153951384806210791733864654198300?, 3934179675300643165987037225659260?, 12431962036675568857697152630498628?, 34502143739618817569828086677289464?, 70939132399196106048755764402198856?
