D=2 degs=[10, 14, 18] unknowns=376 equations=561 TFIT=32 THOLD=38
nullspace dim mod p = 1
lifted vector #0
EXACT check i+j<=38: 780 coeffs, 0 bad -> HOLDOUT PASS
A2: 63 terms [((0, 1), 1), ((0, 2), -8), ((0, 3), 28), ((0, 4), -56), ((0, 5), 70), ((0, 6), -56), ((0, 7), 28), ((0, 8), -8), ((0, 9), 1), ((1, 0), 1), ((1, 1), -15), ((1, 2), 60)] ...
   symmetric: True
A1: 59 terms [((1, 2), -2), ((1, 3), 14), ((1, 4), -42), ((1, 5), 70), ((1, 6), -70), ((1, 7), 42), ((1, 8), -14), ((1, 9), 2), ((2, 1), -2), ((2, 2), 24), ((2, 3), -84), ((2, 4), 128)] ...
   symmetric: True
A0: 52 terms [((2, 3), 1), ((2, 4), -6), ((2, 5), 15), ((2, 6), -20), ((2, 7), 15), ((2, 8), -6), ((2, 9), 1), ((3, 2), 1), ((3, 3), -9), ((3, 4), 29), ((3, 5), -45), ((3, 6), 35)] ...
   symmetric: True
saved out_s02_bivar_eq_king_D2.json
