h : deg(N_h) : zero-checks : N_h coeffs (x^0..)
h=1: deg=1 zerocheck=OK #zeros_verified=37
   N_1(x) = [0, 1]
h=2: deg=3 zerocheck=OK #zeros_verified=35
   N_2(x) = [0, 1, 4, -1]
h=3: deg=5 zerocheck=OK #zeros_verified=33
   N_3(x) = [0, 1, 12, 15, -6, 2]
h=4: deg=7 zerocheck=OK #zeros_verified=31
   N_4(x) = [0, 1, 24, 88, 26, -11, 10, -2]
h=5: deg=9 zerocheck=OK #zeros_verified=29
   N_5(x) = [0, 1, 40, 282, 358, 13, 14, 22, -12, 2]
h=6: deg=11 zerocheck=OK #zeros_verified=27
   N_6(x) = [0, 1, 60, 685, 1774, 973, 14, 139, -2, -32, 14, -2]
h=7: deg=13 zerocheck=OK #zeros_verified=25
   N_7(x) = [0, 1, 84, 1409, 6020, 7357, 2124, 385, 370, -182, -14, 44, -16, 2]
h=8: deg=15 zerocheck=OK #zeros_verified=23
   N_8(x) = [0, 1, 112, 2590, 16380, 33940, 23238, 4884, 2056, 201, -604, 228, 40, -58, 18, -2]
h=9: deg=17 zerocheck=OK #zeros_verified=21
   N_9(x) = [0, 1, 144, 4388, 38388, 119150, 141622, 62596, 14182, 5463, -2064, -610, 930, -264, -78, 74, -20, 2]
h=10: deg=19 zerocheck=OK #zeros_verified=19
   N_10(x) = [0, 1, 180, 6987, 80676, 348534, 627502, 480244, 159562, 42517, 5198, -8123, 2656, 1354, -1346, 280, 130, -92, 22, -2]
h=11: deg=21 zerocheck=OK #zeros_verified=17
   N_11(x) = [0, 1, 220, 10595, 155958, 892476, 2249962, 2621190, 1419612, 409431, 100186, -19241, -10660, 13488, -2928, -2550, 1848, -264, -198, 112, -24, 2]
h=12: deg=23 zerocheck=OK #zeros_verified=15
   N_12(x) = [0, 1, 264, 15444, 282150, 2063039, 6913852, 11324196, 9244904, 3863385, 1026568, 136794, -93072, 26877, 23780, -20814, 2490, 4332, -2422, 202, 284, -134, 26, -2]
h=13: deg=25 zerocheck=OK #zeros_verified=13
   N_13(x) = [0, 1, 312, 21790, 483626, 4395523, 18864560, 41189202, 47245430, 28839315, 9984310, 2275884, -72050, -143221, 167062, -26390, -46436, 30058, -782, -6836, 3042, -78, -390, 158, -28, 2]
h=14: deg=27 zerocheck=OK #zeros_verified=11
   N_14(x) = [0, 1, 364, 29913, 792610, 8761051, 46809048, 131136395, 200720004, 170708419, 82322134, 24416461, 3884424, -846731, 254272, 333617, -269934, 10794, 82548, -40718, -2934, 10190, -3668, -126, 518, -184, 30, -2]
h=15: deg=29 zerocheck=OK #zeros_verified=9
   N_15(x) = [0, 1, 420, 40117, 1250704, 16517215, 107442114, 375222263, 737750062, 835558099, 551900558, 219348447, 54582352, 3768571, -1499114, 1905225, -197184, -675292, 403994, 33970, -136390, 51642, 9582, -14502, 4244, 430, -670, 212, -32, 2]
h=16: deg=31 zerocheck=OK #zeros_verified=7
   N_16(x) = [0, 1, 480, 52730, 1910552, 29704534, 231041044, 983301358, 2412386512, 3508970140, 3067912018, 1634742052, 547517812, 106054684, -1462374, 2609486, 4177794, -3176431, -108070, 1249646, -558056, -128300, 212116, -60806, -20270, 19846, -4696, -856, 848, -242, 34, -2]
h=17: deg=33 zerocheck=OK #zeros_verified=5
   N_17(x) = [0, 1, 544, 68104, 2837640, 51297196, 470003284, 2393519048, 7161621892, 13002336986, 14569460834, 10178043784, 4502357654, 1267228926, 170461444, -5106426, 21097270, -1077275, -8705446, 4876078, 927960, -2148118, 702678, 299880, -313038, 65078, 36276, -26246, 4930, 1428, -1054, 274, -36, 2]
h=18: deg=35 zerocheck=OK #zeros_verified=3
   N_18(x) = [0, 1, 612, 86615, 4112232, 85517276, 911454116, 5470744704, 19598232332, 43413560926, 60681225454, 54105115108, 31055323170, 11599928924, 2677179786, 229946010, 42340748, 49469811, -35165266, -3672149, 16657618, -6798914, -2673280, 3463714, -780914, -584116, 440638, -59978, -59020, 33658, -4830, -2172, 1290, -308, 38, -2]

fingerprints:
h, deg N_h, N_h(1), N_h(-1), leading coeff of f(w,h) in w
   (1, 1, 1, -1, Fraction(1, 1))
   (2, 3, 4, 4, Fraction(2, 1))
   (3, 5, 24, -12, Fraction(1, 1))
   (4, 7, 136, -16, Fraction(17, 90))
   (5, 9, 720, 80, Fraction(1, 56))
   (6, 11, 3624, 96, Fraction(151, 151200))
   (7, 13, 17584, -448, Fraction(157, 4276800))
   (8, 15, 83024, -544, Fraction(5189, 5448643200))
   (9, 17, 383904, 2304, Fraction(1333, 72648576000))
   (10, 19, 1746280, 2880, Fraction(43657, 160059342643200))
   (11, 21, 7839216, -11264, Fraction(101, 31345367040000))
   (12, 23, 34812144, -14496, Fraction(241751, 7805560609566720000))
   (13, 25, 153204064, 53248, Fraction(368279, 1491462504166440960000))
   (14, 27, 669108496, 70336, Fraction(5974183, 3600816617201836032000000))
   (15, 29, 2903267040, -245760, Fraction(6048473, 635184051274403876044800000))
   (16, 31, 12526343584, -332096, Fraction(391448237, 8289151869130970582384640000000))
   (17, 33, 53779871552, 1114112, Fraction(4493639, 21986199610101397908357120000000))
   (18, 35, 229895033832, 1535616, Fraction(3192986581, 4100455542216724178439147356160000000))

N_h(1) sequence:  [1, 4, 24, 136, 720, 3624, 17584, 83024, 383904, 1746280, 7839216, 34812144, 153204064, 669108496, 2903267040, 12526343584, 53779871552, 229895033832]
N_h(-1) sequence: [-1, 4, -12, -16, 80, 96, -448, -544, 2304, 2880, -11264, -14496, 53248, 70336, -245760, -332096, 1114112, 1535616]
