validation 1: brute force small boxes
  f(1,1) dp=1 brute=1 OK
  f(1,2) dp=1 brute=1 OK
  f(1,3) dp=1 brute=1 OK
  f(1,4) dp=1 brute=1 OK
  f(2,1) dp=1 brute=1 OK
  f(2,2) dp=7 brute=7 OK
  f(2,3) dp=17 brute=17 OK
  f(2,4) dp=31 brute=31 OK
  f(3,1) dp=1 brute=1 OK
  f(3,2) dp=17 brute=17 OK
  f(3,3) dp=90 brute=90 OK
  f(3,4) dp=284 brute=284 OK
  f(4,1) dp=1 brute=1 OK
  f(4,2) dp=31 brute=31 OK
  f(4,3) dp=284 brute=284 OK
  f(4,4) dp=1398 brute=1398 OK
validation 2: transpose symmetry
  f(w,h)==f(h,w) for all w,h <= 38  OK

f(w,h) table (rows w=1..38, cols h=1..38):
  1 1 1 1 1 1 1 1 1 1 1 1 1 1 1 1 1 1 1 1 1 1 1 1 1 1 1 1 1 1 1 1 1 1 1 1 1 1
  1 7 17 31 49 71 97 127 161 199 241 287 337 391 449 511 577 647 721 799 881 967 1057 1151 1249 1351 1457 1567 1681 1799 1921 2047 2177 2311 2449 2591 2737 2887
  1 17 90 284 687 1411 2592 4390 6989 10597 15446 21792 29915 40119 52732 68106 86617 108665 134674 165092 200391 241067 287640 340654 400677 468301 544142 628840 723059 827487 942836 1069842 1209265 1361889 1528522 1709996 1907167 2120915
  1 31 284 1398 4861 13555 32436 69350 135985 248959 431044 712526 1132701 1741507 2601292 3788718 5396801 7537087 10341964 13967110 18594077 24433011 31725508 40747606 51812913 65275871 81535156 101037214 124279933 151816451 184259100 222283486 266632705 318121695 377641724 446165014 524749501 614543731
  1 49 687 4861 23020 83858 253876 669660 1587491 3455623 7015285 13437183 24500998 42826096 72162386 117750982 186765045 288841901 436718251 646981009 940947024 1345685662 1895198944 2631774656 3607528567 4886152611 6544886609 8676731827 11392925386 14825695260 19131316318 24493488586 31127059625 39282113641 49248450663 61360479845 76002551668 93614754538
  1 71 1411 13555 83858 386774 1445748 4613486 13010537 33221147 78172851 171785879 356173790 702411438 1326164040 2409795382 4232947689 7214014023 11965409883 19366097587 30655428642 47553049278 72410366260 108399897622 159749739713 232031371531 332510093371 470568562951 658215152030 910690203718 1247184728824 1691687642318 2273979311921 3030790973607 4007151467027 5257944761171 6849703880594 8862669108870
  1 97 2592 32436 253876 1445748 6539320 24831150 82162821 243224643 656735266 1641263816 3839749812 8485374470 17841579918 35906171930 69505262945 129949253173 235482315788 414831441916 712253811340 1194595206792 1961010844428 3156167169030 4987943053077 7750886030071 11856958680542 17875437497872 26584207359676 39035135451066 56636715941298 81257758215730 115356554837025 162140719012681 225763734090648 311565218969796 426362993362116 578806236247132
  1 127 4390 69350 669660 4613486 24831150 110639796 424473531 1442018281 4428441508 12488871024 32742663430 80586253896 187669505056 416225864482 883914445509 1805544792707 3561210039610 6804764965330 12632644214048 22841207251890 40311713080842 69576387018888 117637705696223 195137021191821 317999184573352 509718338433100 804498191163370 1251519793670380 1920683341097516 2910260378440230 4357001927294921 6449379804236871 9444796548252846 13691788183335198 19658468316206884 27968727195855670
  1 161 6989 135985 1587491 13010537 82162821 424473531 1868934548 7221601676 25027658946 79100507828 230975945720 629649830566 1616008505184 3932071949504 9123309185827 20284361686115 43396779786507 89659132940947 179439049432217 348816001778943 660176759390655 1219030325555569 2200201608754702 3887940943893446 6736375078707656 11459282959855534 19161605678035430 31529642130708116 51102846572665282 81657906894618926 128745800902059701 200435356254956373 308333145154123161 468970125844072421 705671250427114943 1051056419095300485
  1 199 10597 248959 3455623 33221147 243224643 1442018281 7221601676 31491066138 122312788486 430565564192 1392590091750 4183862973850 11780754720940 31319007374626 79096244579269 190755265120051 441263560980021 982832273158631 2114748742475635 4408506837073887 8926478443931651 17595371815808929 33830687543729268 63560648558252666 116875006925157274 210635741570894812 372546454875227014 647403234172984738 1106565587011104832 1862122789085567998 3087828772848739841 5049689165402428791 8150173116338619133 12991473547275185831 20465157324409394967 31878062743290390715
  1 241 15446 431044 7015285 78172851 656735266 4428441508 25027658946 122312788486 529137892888 2063188059078 7354467606124 24241694976400 74579881810544 215813606354458 591211689020509 1541675405335043 3844696093419208 9206677480688604 21244068658546613 47380199075031997 102411979561456020 215047469698782548 439610048186755642 876540861176285736 1707594887391015086 3255135799600388566 6080293594368437224 11142813956699600090 20057404221578028166 35498941780829863426 61834359330587063073 106095493083795111541 179458906031025993586 299471338282120890948 493360499535489035773 802910290507727322439
  1 287 21792 712526 13437183 171785879 1641263816 12488871024 79100507828 430565564192 2063188059078 8866240197368 34674721762040 124879661217834 418192893361258 1312664854415208 3888219152422963 10930782157741909 29307751765777178 75262916715599608 185799315305142045 442354092563985713 1018568946078346762 2274028220611870830 4933519973805289838 10421765507170705006 21474751507199952772 43233425620760350342 85163013232047413246 164361016484544961788 311163043600908866624 578492844431495943786 1057225793112505673429 1901079679407583999643 3366407027297458985292 5875012906516101811898 10112143716727500092843 17177615187715028263515
  1 337 29915 1132701 24500998 356173790 3839749812 32742663430 230975945720 1392590091750 7354467606124 34674721762040 148168141823004 580847215426102 2109936518410330 7161134474173944 22868187413550633 69118886250128013 198741102525826809 546029821712551997 1438956842812082872 3649568859752374260 8934801681729906608 21169910946653510392 48658718515715970372 108722598426725136886 236599783009196504522 502321860667592553340 1042056121200703310266 2115184926648313074488 4206363872544762579870 8204876470169893525702 15714738803275633605785 29582697096714246143985 54784257728450029514215 99890225673299784962789 179462647459950210793890 317921003924672896025794
  1 391 40119 1741507 42826096 702411438 8485374470 80586253896 629649830566 4183862973850 24241694976400 124879661217834 580847215426102 2469974025698512 9701445481500974 35497970747923662 121876399361623629 395044455918467829 1215258435574912681 3564241403781034179 10006165496628599312 26982712560012569212 70106560968903282936 175984424619943323008 427849807358531092166 1009621896205684718640 2317021126180500212986 5180548731148416799630 11303020282692582814654 24100232836462258772874 50284609371024061641532 102793511631822159490990 206109897167858527950177 405771087180513838909763 785098274437454132907483 1494196657560602162052619 2799523868346189918715744 5167489551711226694425618
  1 449 52732 2601292 72162386 1326164040 17841579918 187669505056 1616008505184 11780754720940 74579881810544 418192893361258 2109936518410330 9701445481500974 41080498416340944 161610603917590540 595043052036016675 2063514917202030111 6776434557720947160 21172395682571985614 63196897006728715252 180860756557029855060 497851384048621084592 1321878453477340944006 3394044721151360290370 8446217570083097765058 20413243235359692422436 48002945899430232997880 110016152362641950870232 246115395062997170087234 538168437821926808320382 1151720241712036604479470 2415081963732471772747669 4967513643115167243893629 10032253788316338738649508 19911663382324679026796296 38871756097984917767061950 74699873383769789407646208
  1 511 68106 3788718 117750982 2409795382 35906171930 416225864482 3932071949504 31319007374626 215813606354458 1312664854415208 7161134474173944 35497970747923662 161610603917590540 681815426132277916 2685831959711119065 9942824486369377431 34783598651368898480 115549821500841805862 366038282729791046808 1109834420803927574148 3231398507269745118778 9061329201759630260892 24535551141157922860780 64301270770083383284366 163448096262418611902540 403743882624788794693368 970846220104544897952262 2276138304534588290913128 5210464801103872461283716 11661573314777179103153618 25548599244489603771160633 54851801498987180386204887 115524922399748947110311406 238910338950741073475225166 485569979692087661559270210 970693433491751644701536554
  1 577 86617 5396801 186765045 4232947689 69505262945 883914445509 9123309185827 79096244579269 591211689020509 3888219152422963 22868187413550633 121876399361623629 595043052036016675 2685831959711119065 11294391080831996640 44541546127350539586 165674845134803126416 584094888942520475424 1960308109357483259626 6286856887287263538776 19331968024960711856760 57168378631255469237018 163019412249744045391292 449338969526009621493180 1199789389178179714301614 3109477353133225007607724 7836065933666092839155908 19232907197414813267141430 46044195947023372636613476 107666560829006364978486420 246211057434021770688869771 551260440183545568026044263 1209739713474137303416099299 2604602941288608171930438219 5506846974188538430536664051 11443149268851191035557857635
  1 647 108665 7537087 288841901 7214014023 129949253173 1805544792707 20284361686115 190755265120051 1541675405335043 10930782157741909 69118886250128013 395044455918467829 2063514917202030111 9942824486369377431 44541546127350539586 186764566821629680798 737255706502307946204 2753778867172217381894 9775702640207678740930 33110659922951389349248 107371545081983277632522 334386696091626003589110 1002868252092607069573516 2903686061546753141470478 8134619572650057135291634 22094600493901717595964056 58290232047158092395701466 149621856868264968458946974 374240250133188566785571780 913426078785923006723311894 2178340476824959404742942729 5081892777214008227082104331 11610503481951890048012859429 26004309730317792472470575195 57150386528755381889600859869 123354335604521342716232493351
  1 721 134674 10341964 436718251 11965409883 235482315788 3561210039610 43396779786507 441263560980021 3844696093419208 29307751765777178 198741102525826809 1215258435574912681 6776434557720947160 34783598651368898480 165674845134803126416 737255706502307946204 3083372684969220502036 12181903521598742341272 45671468780348121280802 163133828540922613745680 557116110596724048423138 1824808508000727860731974 5748884008337881355044374 17464103941617228604595946 51274416919151075061470808 145797095904203616746263302 402264004259333269774100596 1078788151127359136194477796 2816493833598951481753046844 7168983026406709455801911530 17813962699059494772675352937 43266410550440730564653027679 102830331584548977233821249516 239402112626140370218732688096 546505576776546620402857939155 1224376215778964760720256581269
  1 799 165092 13967110 646981009 19366097587 414831441916 6804764965330 89659132940947 982832273158631 9206677480688604 75262916715599608 546029821712551997 3564241403781034179 21172395682571985614 115549821500841805862 584094888942520475424 2753778867172217381894 12181903521598742341272 50829436120831017249324 200966874903334103176898 755969141835710018271972 2715299849589686530790148 9342454566985173250653702 30880512341440057940382588 98313772479146389414968120 302181784037215223864384382 898606053471465656504470552 2590345007386565703398417308 7251035079071415524365596714 19742342306806685714853277870 52359831237043677419125583740 135454045260031101795165009195 342237241432722706314805190905 845493413255514793706908710298 2044607074733873131752200035464 4844641146343393201881421276471 11258241835194197071381333353609
  1 881 200391 18594077 940947024 30655428642 712253811340 12632644214048 179439049432217 2114748742475635 21244068658546613 185799315305142045 1438956842812082872 10006165496628599312 63196897006728715252 366038282729791046808 1960308109357483259626 9775702640207678740930 45671468780348121280802 200966874903334103176898 836785756905440885003260 3310594846520626861967910 12490837164239437054479930 45091241133614174009163180 156200708482994935720005000 520610078618451732976001238 1673476502598293990218467032 5199323714563248921132868304 15644177270375023486623731676 45668983722595506833771431886 129560020969289109023615420702 357735047123364852537150458688 962720769945029533501556314625 2528415004497754133437593174017 6488201559802767590830873061133 16285804186218648385249858846565 40026695152050485198670844851170 96418788781249496593310121430420
  1 967 241067 24433011 1345685662 47553049278 1194595206792 22841207251890 348816001778943 4408506837073887 47380199075031997 442354092563985713 3649568859752374260 26982712560012569212 180860756557029855060 1109834420803927574148 6286856887287263538776 33110659922951389349248 163133828540922613745680 755969141835710018271972 3310594846520626861967910 13758453841841334958821840 54464395187118394829474010 206053864295904755146651950 747259474883518769714503830 2604679495534954197349237606 8747575231119909882986302316 28368259664861225775467427186 89015360594732035242359324254 270760138317473044778541474068 799696996190470883542565360130 2297001093433672290491980528942 6425588672439612153898832974313 17528876369042402860776013250745 46689090490132695130938747346837 121559573152408733840895387747095 309693981071957895727989938875890 772808851000941236137725608427860
  1 1057 287640 31725508 1895198944 72410366260 1961010844428 40311713080842 660176759390655 8926478443931651 102411979561456020 1018568946078346762 8934801681729906608 70106560968903282936 497851384048621084592 3231398507269745118778 19331968024960711856760 107371545081983277632522 557116110596724048423138 2715299849589686530790148 12490837164239437054479930 54464395187118394829474010 225955657013245038744484140 894934458808338967379157510 3394183257555008012482088732 12360744027775714875616861080 43330719905960717428270903720 146543796166951872581315270098 479127379543526203516188966766 1517266859533717408365024970194 4661740551305343485556286425208 13918640960746802829186089893480 40442855589648748243871112331467 114516600241646514532535808019703 316387098976480787077379319768828 853877739774485047883941221687970 2253547757015561932580471288066710 5821936351820977867868115249677460
  1 1151 340654 40747606 2631774656 108399897622 3156167169030 69576387018888 1219030325555569 17595371815808929 215047469698782548 2274028220611870830 21169910946653510392 175984424619943323008 1321878453477340944006 9061329201759630260892 57168378631255469237018 334386696091626003589110 1824808508000727860731974 9342454566985173250653702 45091241133614174009163180 206053864295904755146651950 894934458808338967379157510 3706915328542454342248011748 14688696187910623888018584376 55835518177759193087352309578 204121364201677783003365057490 719302199077038938379160958408 2448421922269348806433153348704 8065712604274136129321462474558 25759769793303175694459705064272 79888465868911544537586654921828 240943183911371693025626936842465 707669314929073726636211322952819 2026674273020896220985247299363752 5666154948850975105355185561568950 15481782806062886440240126362083930 41383391918014875011798141209792240
  1 1249 400677 51812913 3607528567 159749739713 4987943053077 117637705696223 2200201608754702 33830687543729268 439610048186755642 4933519973805289838 48658718515715970372 427849807358531092166 3394044721151360290370 24535551141157922860780 163019412249744045391292 1002868252092607069573516 5748884008337881355044374 30880512341440057940382588 156200708482994935720005000 747259474883518769714503830 3394183257555008012482088732 14688696187910623888018584376 60753574345284273728139861204 240838439564460105883920351726 917392473837816327129261151074 3365654210979257150267972251404 11917631438623628716488464915038 40809345544499712800267450584190 135379319451407722045204558442640 435792854825548777593465551789702 1363326404731745922002827619804221 4150676865307231027383680981186379 12314028847931830201940530472772693 35642338484793654712708258846745565 100763493873817436480147599610367165 278525166677476230170842719437704697
  1 1351 468301 65275871 4886152611 232031371531 7750886030071 195137021191821 3887940943893446 63560648558252666 876540861176285736 10421765507170705006 108722598426725136886 1009621896205684718640 8446217570083097765058 64301270770083383284366 449338969526009621493180 2903686061546753141470478 17464103941617228604595946 98313772479146389414968120 520610078618451732976001238 2604679495534954197349237606 12360744027775714875616861080 55835518177759193087352309578 240838439564460105883920351726 994789640588980132467794165208 3945045864777458127486763239906 15056083504540644075835902536854 55417346668478833848121769992228 197110127414033261126085397957866 678714899518425733386539928703834 2266232244793282894504459416389628 7348988880975528705647198791830251 23177916663050551520456140882184649 71189713522469344527424490145065673 213200316520704804039527713305537141 623276932144960579995736848455578309 1780566797990930226388563499077420243
  1 1457 544142 81535156 6544886609 332510093371 11856958680542 317999184573352 6736375078707656 116875006925157274 1707594887391015086 21474751507199952772 236599783009196504522 2317021126180500212986 20413243235359692422436 163448096262418611902540 1199789389178179714301614 8134619572650057135291634 51274416919151075061470808 302181784037215223864384382 1673476502598293990218467032 8747575231119909882986302316 43330719905960717428270903720 204121364201677783003365057490 917392473837816327129261151074 3945045864777458127486763239906 16274906928237932664049952881004 64564198007920537141804370669678 246841994780065846005569453021634 911314029687178498008948288749288 3254886206253377765749618778401118 11265652130126902950674304699359320 37844894913758954589012335997530425 123570777789459304292259849260159301 392702140689845127564198135744724074 1216158312527137823871627081947654840 3674509502751852221243761404228588887 10843269728839742088789038119492162471
  1 1567 628840 101037214 8676731827 470568562951 17875437497872 509718338433100 11459282959855534 210635741570894812 3255135799600388566 43233425620760350342 502321860667592553340 5180548731148416799630 48002945899430232997880 403743882624788794693368 3109477353133225007607724 22094600493901717595964056 145797095904203616746263302 898606053471465656504470552 5199323714563248921132868304 28368259664861225775467427186 146543796166951872581315270098 719302199077038938379160958408 3365654210979257150267972251404 15056083504540644075835902536854 64564198007920537141804370669678 266047140418012577470554952239300 1055775807963143084984570324080342 4043058815829374291128318124281286 14968605751077555431015065423077426 53669767614893518478006489919374410 186656192285552555511605103072717341 630602330664536073211629206035719429 2072332117215138264687679658149431268 6632882583292340131193113798325650442 20701189180287143423596909230134588817 63068855277399760391156378278113056203
  1 1681 723059 124279933 11392925386 658215152030 26584207359676 804498191163370 19161605678035430 372546454875227014 6080293594368437224 85163013232047413246 1042056121200703310266 11303020282692582814654 110016152362641950870232 970846220104544897952262 7836065933666092839155908 58290232047158092395701466 402264004259333269774100596 2590345007386565703398417308 15644177270375023486623731676 89015360594732035242359324254 479127379543526203516188966766 2448421922269348806433153348704 11917631438623628716488464915038 55417346668478833848121769992228 246841994780065846005569453021634 1055775807963143084984570324080342 4345844405016820275440516381936056 17251071869809408784914043338644732 66163008109293993249723078669634588 245598303303860508630901023725923036 883777175841594675726443707226310195 3087537854156787303135519598331817079 10486540275098473472936609020647060997 34670407708945341543334884394051912119 111714809048457292040088336026007080842 351213612893906630553013603810400569408
  1 1799 827487 151816451 14825695260 910690203718 39035135451066 1251519793670380 31529642130708116 647403234172984738 11142813956699600090 164361016484544961788 2115184926648313074488 24100232836462258772874 246115395062997170087234 2276138304534588290913128 19232907197414813267141430 149621856868264968458946974 1078788151127359136194477796 7251035079071415524365596714 45668983722595506833771431886 270760138317473044778541474068 1517266859533717408365024970194 8065712604274136129321462474558 40809345544499712800267450584190 197110127414033261126085397957866 911314029687178498008948288749288 4043058815829374291128318124281286 17251071869809408784914043338644732 70939132399196106048755764402198856 281674027245449492270567997371216360 1081836622439559198018727137206020236 4025644938660194751871698259535612921 14535205020295942235234364614668685159 50994683876502457057229933042826671955 174064607417306033297375505139263059999 578766321061950210148797420773576047010 1876695002306346481292366166159914741430
  1 1921 942836 184259100 19131316318 1247184728824 56636715941298 1920683341097516 51102846572665282 1106565587011104832 20057404221578028166 311163043600908866624 4206363872544762579870 50284609371024061641532 538168437821926808320382 5210464801103872461283716 46044195947023372636613476 374240250133188566785571780 2816493833598951481753046844 19742342306806685714853277870 129560020969289109023615420702 799696996190470883542565360130 4661740551305343485556286425208 25759769793303175694459705064272 135379319451407722045204558442640 678714899518425733386539928703834 3254886206253377765749618778401118 14968605751077555431015065423077426 66163008109293993249723078669634588 281674027245449492270567997371216360 1157210852406517173650699253087551364 4596039555971477688220982992926264742 17675583168669002824206887718854477597 65923957983015626789037114266560453467 238784369512384843335563557779975135106 841070641886229911796621903609730920152 2884397664722452166999980922946102980520 9642081188499671560279074320016639584878
  1 2047 1069842 222283486 24493488586 1691687642318 81257758215730 2910260378440230 81657906894618926 1862122789085567998 35498941780829863426 578492844431495943786 8204876470169893525702 102793511631822159490990 1151720241712036604479470 11661573314777179103153618 107666560829006364978486420 913426078785923006723311894 7168983026406709455801911530 52359831237043677419125583740 357735047123364852537150458688 2297001093433672290491980528942 13918640960746802829186089893480 79888465868911544537586654921828 435792854825548777593465551789702 2266232244793282894504459416389628 11265652130126902950674304699359320 53669767614893518478006489919374410 245598303303860508630901023725923036 1081836622439559198018727137206020236 4596039555971477688220982992926264742 18865626398724774107234438340856548400 74945414161145146830691607560086195603 288584819983648160703156463235812251377 1078641517420763136528058512531559017996 3918624234432789797557090735104894491152 13854201811284354402422628526861816994602 47722573485272714631868062786847611945952
  1 2177 1209265 266632705 31127059625 2273979311921 115356554837025 4357001927294921 128745800902059701 3087828772848739841 61834359330587063073 1057225793112505673429 15714738803275633605785 206109897167858527950177 2415081963732471772747669 25548599244489603771160633 246211057434021770688869771 2178340476824959404742942729 17813962699059494772675352937 135454045260031101795165009195 962720769945029533501556314625 6425588672439612153898832974313 40442855589648748243871112331467 240943183911371693025626936842465 1363326404731745922002827619804221 7348988880975528705647198791830251 37844894913758954589012335997530425 186656192285552555511605103072717341 883777175841594675726443707226310195 4025644938660194751871698259535612921 17675583168669002824206887718854477597 74945414161145146830691607560086195603 307381552780919827754349321354247897468 1221370027245155915195214658083685228972 4708481094433047615682371858628086125162 17634476206078792673198426675153948510716 64244680137989348278708926483847041194684 227936345533412318591169706702176076126458
  1 2311 1361889 318121695 39282113641 3030790973607 162140719012681 6449379804236871 200435356254956373 5049689165402428791 106095493083795111541 1901079679407583999643 29582697096714246143985 405771087180513838909763 4967513643115167243893629 54851801498987180386204887 551260440183545568026044263 5081892777214008227082104331 43266410550440730564653027679 342237241432722706314805190905 2528415004497754133437593174017 17528876369042402860776013250745 114516600241646514532535808019703 707669314929073726636211322952819 4150676865307231027383680981186379 23177916663050551520456140882184649 123570777789459304292259849260159301 630602330664536073211629206035719429 3087537854156787303135519598331817079 14535205020295942235234364614668685159 65923957983015626789037114266560453467 288584819983648160703156463235812251377 1221370027245155915195214658083685228972 5005490530297998208574084554114064786346 19893237695233865345945947580122475349702 76773958712400627596605726205441226193872 288086309913693612469353939643735741832046 1052315767058420506302168198549725823267178
  1 2449 1528522 377641724 49248450663 4007151467027 225763734090648 9444796548252846 308333145154123161 8150173116338619133 179458906031025993586 3366407027297458985292 54784257728450029514215 785098274437454132907483 10032253788316338738649508 115524922399748947110311406 1209739713474137303416099299 11610503481951890048012859429 102830331584548977233821249516 845493413255514793706908710298 6488201559802767590830873061133 46689090490132695130938747346837 316387098976480787077379319768828 2026674273020896220985247299363752 12314028847931830201940530472772693 71189713522469344527424490145065673 392702140689845127564198135744724074 2072332117215138264687679658149431268 10486540275098473472936609020647060997 50994683876502457057229933042826671955 238784369512384843335563557779975135106 1078641517420763136528058512531559017996 4708481094433047615682371858628086125162 19893237695233865345945947580122475349702 81468746330056865452534316554344511715856 323842305814932866181165895504070045299002 1251092229188917124586420381883011133978876 4703034743751261699499251645075117277459444
  1 2591 1709996 446165014 61360479845 5257944761171 311565218969796 13691788183335198 468970125844072421 12991473547275185831 299471338282120890948 5875012906516101811898 99890225673299784962789 1494196657560602162052619 19911663382324679026796296 238910338950741073475225166 2604602941288608171930438219 26004309730317792472470575195 239402112626140370218732688096 2044607074733873131752200035464 16285804186218648385249858846565 121559573152408733840895387747095 853877739774485047883941221687970 5666154948850975105355185561568950 35642338484793654712708258846745565 213200316520704804039527713305537141 1216158312527137823871627081947654840 6632882583292340131193113798325650442 34670407708945341543334884394051912119 174064607417306033297375505139263059999 841070641886229911796621903609730920152 3918624234432789797557090735104894491152 17634476206078792673198426675153948510716 76773958712400627596605726205441226193872 323842305814932866181165895504070045299002 1325327452762688080746076027085008603460696 5269195931389643749224197391906633878439140 20376149308922016546163081571209939626737334
  1 2737 1907167 524749501 76002551668 6849703880594 426362993362116 19658468316206884 705671250427114943 20465157324409394967 493360499535489035773 10112143716727500092843 179462647459950210793890 2799523868346189918715744 38871756097984917767061950 485569979692087661559270210 5506846974188538430536664051 57150386528755381889600859869 546505576776546620402857939155 4844641146343393201881421276471 40026695152050485198670844851170 309693981071957895727989938875890 2253547757015561932580471288066710 15481782806062886440240126362083930 100763493873817436480147599610367165 623276932144960579995736848455578309 3674509502751852221243761404228588887 20701189180287143423596909230134588817 111714809048457292040088336026007080842 578766321061950210148797420773576047010 2884397664722452166999980922946102980520 13854201811284354402422628526861816994602 64244680137989348278708926483847041194684 288086309913693612469353939643735741832046 1251092229188917124586420381883011133978876 5269195931389643749224197391906633878439140 21550354104532627517889712374112499242047936 85693822474171904570625572645129753411533828
  1 2887 2120915 614543731 93614754538 8862669108870 578806236247132 27968727195855670 1051056419095300485 31878062743290390715 802910290507727322439 17177615187715028263515 317921003924672896025794 5167489551711226694425618 74699873383769789407646208 970693433491751644701536554 11443149268851191035557857635 123354335604521342716232493351 1224376215778964760720256581269 11258241835194197071381333353609 96418788781249496593310121430420 772808851000941236137725608427860 5821936351820977867868115249677460 41383391918014875011798141209792240 278525166677476230170842719437704697 1780566797990930226388563499077420243 10843269728839742088789038119492162471 63068855277399760391156378278113056203 351213612893906630553013603810400569408 1876695002306346481292366166159914741430 9642081188499671560279074320016639584878 47722573485272714631868062786847611945952 227936345533412318591169706702176076126458 1052315767058420506302168198549725823267178 4703034743751261699499251645075117277459444 20376149308922016546163081571209939626737334 85693822474171904570625572645129753411533828 350263688946606291065543554768995517937473300

semiperimeter sequence a(s)=sum_{w+h=s} f(w,h), s=2..76:
  1, 2, 9, 36, 154, 668, 2916, 12740, 55570, 241692, 1047604, 4524464, 19470660, 83500968, 356923968, 1520962956, 6462604898, 27385953724, 115760525316, 488181510848, 2054285046316, 8627071911816, 36161710424024, 151311476669320, 632094578750484, 2636484792140888, 10981037255552776, 45674599082396640, 189738142469481640, 787255032236740832, 3262773591050306424, 13508171774507871900, 55868843905487134722, 230849892819570797820, 953011667639914716836, 3930930693154691068192, 16200925469247946922844, 66718896766569146565096, 274560851289589796200150?, 1129078474858957830092532?, 4640015548108181929591164?, 19056259266227327227260656?, 78215180884515232495284714?, 320841945182497173171304704?, 1315372332735756123101875740?, 5389815193055922042535164396?, 22073753282760916096346988986?, 90357582294574680198543818392?, 369698406265392240423682184808?, 1511934849062587096354214922172?, 6180570816102050888001801813326?, 25254633465920810833326715759932?, 103151785698793380658633929703896?, 421153587427131380676053224936152?, 1718835756458067044480145659149866?, 7012202576371576006020954244472952?, 28594653596322797881860040677035604?, 116543320559890431121649563630912280?, 474663387810788758675179681201319426?, 1931270143578937448507149928067177332?, 7845741796302661553755642533764492324?, 31799029754706345283908174317568127712?, 128436201094921856329641038452460315050?, 516157845277470915465358973226303968864?, 2059816475259312007289029802272589064522?, 8142124241016011608443412197617903567076?, 31781886522087270331637703919792061462874?, 122047993802193367963692154204309760879796?, 458951171001382246466899747506616270384872?, 1679729922524077594483379083699963726515012?, 5932143445257363342523253187950482517952804?, 19944461350281810897446898073963502311797168?, 62302652722376660610215875516532378495522604?, 171387644948343809141251145290259506823067656?, 350263688946606291065543554768995517937473300?
