===H3===
1 0
2 0
3 9
4 55
5 248
6 996
7 3775
8 13837
9 49676
10 175964
11 617789
12 2156027
13 7493644
14 25972328
15 89842939
16 310363225
17 1071143992
18 3694368600
19 12736006193
20 43892151231
21 151231714240
22 520991378956
23 1794610982967
24 6181253559909
25 21289197346820
===H4===
1 0
2 0
3 0
4 27
5 240
6 1480
7 7898
8 39119
9 185198
10 850650
11 3824200
12 16922729
13 74000548
14 320659524
15 1379699712
16 5903624563
17 25150677404
18 106773776116
19 452027455240
20 1909356781727
21 8050427299808
22 33892985448916
23 142521237368302
24 598721277602283
25 2513177361030402
===H5===
1 0
2 0
3 0
4 0
5 81
6 945
7 7273
8 47066
9 278240
10 1558399
11 8422286
12 44372452
13 229332571
14 1167671359
15 5874715998
16 29271201169
17 144687669852
18 710473784059
19 3469435781222
20 16863281286022
21 81640592090589
22 393917133975378
23 1895173182963164
24 9095242974196751
25 43556120823729954
===H6===
1 0
2 0
3 0
4 0
5 0
6 243
7 3510
8 32193
9 241864
10 1631340
11 10311170
12 62471842
13 367493910
14 2115284593
15 11972716752
16 66862623043
17 369308536084
18 2021147613576
19 10975452058596
20 59204157481772
21 317531017597242
22 1694546915214127
23 9003876805981488
24 47659090176840257
25 251419543002787484
===H7===
1 0
2 0
3 0
4 0
5 0
6 0
7 729
8 12555
9 133326
10 1134865
11 8533676
12 59434367
13 393543824
14 2516136965
15 15683719545
16 95904920644
17 577719245153
18 3438189032325
19 20257323484797
20 118344693863313
21 686360974873648
22 3955580017179536
23 22670535737637311
24 129297547335237714
25 734233519857407741
===H8===
1 0
2 0
3 0
4 0
5 0
6 0
7 0
8 2187
9 43740
10 527094
11 5001114
12 41336884
13 313029646
14 2234817674
15 15308484950
16 101757872857
17 661337991802
18 4224131600730
19 26611876627714
20 165789452595498
21 1023295051003172
22 6266462678948104
23 38114972858288962
24 230459750968252735
25 1386194792641478052
===H9===
1 0
2 0
3 0
4 0
5 0
6 0
7 0
8 0
9 6561
10 149445
11 2013255
12 21039624
13 189262009
14 1544727695
15 11793556454
16 85849256593
17 603392972436
18 4130289887503
19 27701775032858
20 182837842220785
21 1191320560806893
22 7680860035709410
23 49087492875547087
24 311380677426639570
25 1962555206744783639
===H10===
1 0
2 0
3 0
4 0
5 0
6 0
7 0
8 0
9 0
10 19683
11 503010
12 7487559
13 85389768
14 829622715
15 7251119572
16 58863947192
17 452930356022
18 3348606811298
19 24014057424024
20 168184063948895
21 1156057832032848
22 7828062099180138
23 52362241417256686
24 346731419528897346
25 2276612251171343020
===H11===
1 0
2 0
3 0
4 0
5 0
6 0
7 0
8 0
9 0
10 0
11 59049
12 1673055
13 27261684
14 336733767
15 3511995435
16 32703766750
17 281054436836
18 2277043672928
19 17644523530186
20 132107598093637
21 962797249464752
22 6867740599560941
23 48146545977248522
24 332788203319507784
25 2273480557956922883
===H12===
1 0
2 0
3 0
4 0
5 0
6 0
7 0
8 0
9 0
10 0
11 0
12 177147
13 5511240
14 97548948
15 1296946890
16 14446874853
17 142727058846
18 1293898414102
19 11003764277892
20 89123929241486
21 694918765309300
22 5257610926802452
23 38826609174639928
24 281139741614975490
25 2003044942843944054
===H13===
1 0
2 0
3 0
4 0
5 0
6 0
7 0
8 0
9 0
10 0
11 0
12 0
13 531441
14 18009945
15 344039157
16 4897624662
17 58015415862
18 605908537758
19 5776897734667
20 51437609215985
21 434488576945172
22 3521085234178586
23 27605091155079103
24 210692983396251014
25 1573134737210737385
===H14===
1 0
2 0
3 0
4 0
5 0
6 0
7 0
8 0
9 0
10 0
11 0
12 0
13 0
14 1594323
15 58458510
16 1198596285
17 18187039512
18 228244737222
19 2512138867830
20 25124129020857
21 233701237739494
22 2054838878732818
23 17278818571437182
24 140166422140948001
25 1104184694723970106
===H15===
1 0
2 0
3 0
4 0
5 0
6 0
7 0
8 0
9 0
10 0
11 0
12 0
13 0
14 0
15 4782969
16 188661555
17 4132130922
18 66567571389
19 882180009630
20 10204408045521
21 106805460671316
22 1035856891052731
23 9464813564473094
24 82463515269090962
25 691293861738937174
===H16===
1 0
2 0
3 0
4 0
5 0
6 0
7 0
8 0
9 0
10 0
11 0
12 0
13 0
14 0
15 0
16 14348907
17 605842740
18 14116135842
19 240601488426
20 3357266652450
21 40713857307270
22 445051221055038
23 4492550651512074
24 42594477635772598
25 384025992867882686
Connection to dalby.jhpb.org closed.
