1 0 1 1 0.01
1 1 1 1 0.01
1 2 1 1 0.00
1 3 1 1 0.01
1 4 1 1 0.01
1 5 1 1 0.00
1 6 1 1 0.01
1 7 1 1 0.00
1 8 1 1 0.01
1 9 1 1 0.00
1 10 1 1 0.01
1 11 1 1 0.01
1 12 1 1 0.00
1 13 1 1 0.00
1 14 1 1 0.00
1 15 1 1 0.00
1 16 1 1 0.00
1 17 1 1 0.00
1 18 1 1 0.00
1 19 1 1 0.00
1 20 1 1 0.00
1 21 1 0 0.00
2 0 1 2 0.00
2 1 2 3 0.01
2 2 3 3 0.01
2 3 3 3 0.01
2 4 3 3 0.01
2 5 3 3 0.01
2 6 3 3 0.01
2 7 3 3 0.01
2 8 3 3 0.01
2 9 3 3 0.01
2 10 3 3 0.01
2 11 3 3 0.01
2 12 3 3 0.01
2 13 3 3 0.01
2 14 3 3 0.01
2 15 3 3 0.01
2 16 3 3 0.01
2 17 3 3 0.01
2 18 3 3 0.01
2 19 3 3 0.01
2 20 3 1 0.01
2 21 1 0 0.00
3 0 1 5 0.01
3 1 5 10 0.01
3 2 10 10 0.01
3 3 10 10 0.01
3 4 10 10 0.01
3 5 10 10 0.01
3 6 10 10 0.01
3 7 10 10 0.01
3 8 10 10 0.01
3 9 10 10 0.01
3 10 10 10 0.01
3 11 10 10 0.01
3 12 10 10 0.01
3 13 10 10 0.01
3 14 10 10 0.01
3 15 10 10 0.01
3 16 10 10 0.01
3 17 10 10 0.01
3 18 10 10 0.01
3 19 10 5 0.01
3 20 5 2 0.01
3 21 2 0 0.00
4 0 1 9 0.01
4 1 9 22 0.01
4 2 22 22 0.02
4 3 22 22 0.02
4 4 22 22 0.02
4 5 22 22 0.02
4 6 22 22 0.02
4 7 22 22 0.02
4 8 22 22 0.02
4 9 22 22 0.02
4 10 22 22 0.02
4 11 22 22 0.02
4 12 22 22 0.02
4 13 22 22 0.02
4 14 22 22 0.02
4 15 22 22 0.02
4 16 22 22 0.02
4 17 22 22 0.02
4 18 22 13 0.02
4 19 13 6 0.01
4 20 6 2 0.01
4 21 2 0 0.00
5 0 1 19 0.01
5 1 19 56 0.02
5 2 56 57 0.04
5 3 57 57 0.04
5 4 57 57 0.04
5 5 57 57 0.04
5 6 57 57 0.04
5 7 57 57 0.04
5 8 57 57 0.04
5 9 57 57 0.04
5 10 57 57 0.04
5 11 57 57 0.04
5 12 57 57 0.04
5 13 57 57 0.03
5 14 57 57 0.04
5 15 57 57 0.04
5 16 57 57 0.03
5 17 57 37 0.03
5 18 37 19 0.02
5 19 19 8 0.01
5 20 8 3 0.01
5 21 3 0 0.00
6 0 1 35 0.00
6 1 35 126 0.03
6 2 126 131 0.09
6 3 131 131 0.15
6 4 131 131 0.10
6 5 131 131 0.10
6 6 131 131 0.10
6 7 131 131 0.09
6 8 131 131 0.10
6 9 131 131 0.09
6 10 131 131 0.10
6 11 131 131 0.10
6 12 131 131 0.10
6 13 131 131 0.09
6 14 131 131 0.09
6 15 131 130 0.08
6 16 130 93 0.06
6 17 93 48 0.04
6 18 48 22 0.02
6 19 22 9 0.01
6 20 9 3 0.01
6 21 3 0 0.00
7 0 1 71 0.00
7 1 71 307 0.06
7 2 307 334 0.28
7 3 334 335 0.33
7 4 335 335 0.34
7 5 335 335 0.34
7 6 335 335 0.31
7 7 335 335 0.33
7 8 335 335 0.33
7 9 335 335 0.33
7 10 335 335 0.32
7 11 335 335 0.29
7 12 335 335 0.30
7 13 335 335 0.24
7 14 335 331 0.22
7 15 331 249 0.16
7 16 249 133 0.10
7 17 133 62 0.05
7 18 62 28 0.03
7 19 28 11 0.01
7 20 11 4 0.01
7 21 4 0 0.00
8 0 1 135 0.00
8 1 135 715 0.15
8 2 715 819 0.59
8 3 819 825 0.74
8 4 825 825 0.70
8 5 825 825 0.68
8 6 825 825 0.70
8 7 825 825 0.70
8 8 825 825 0.68
8 9 825 825 0.60
8 10 825 825 0.69
8 11 825 825 0.44
8 12 825 822 0.48
8 13 822 810 0.36
8 14 810 638 0.25
8 15 638 344 0.19
8 16 344 165 0.13
8 17 165 73 0.06
8 18 73 31 0.02
8 19 31 12 0.01
8 20 12 4 0.01
8 21 4 0 0.00
9 0 1 271 0.01
9 1 271 1729 0.49
9 2 1729 2113 1.44
9 3 2113 2152 1.68
9 4 2152 2153 1.61
9 5 2153 2153 1.55
9 6 2153 2153 1.63
9 7 2153 2152 1.61
9 8 2152 2152 1.54
9 9 2152 2152 1.39
9 10 2152 2152 1.37
9 11 2152 2137 0.96
9 12 2137 2089 0.70
9 13 2089 1691 0.40
9 14 1691 931 0.27
9 15 931 451 0.18
9 16 451 205 0.14
9 17 205 87 0.07
9 18 87 37 0.03
9 19 37 14 0.02
9 20 14 5 0.01
9 21 5 0 0.00
10 0 1 527 0.01
10 1 527 4107 1.18
10 2 4107 5379 3.53
10 3 5379 5560 4.04
10 4 5560 5563 3.81
10 5 5563 5563 3.56
10 6 5563 5563 3.83
10 7 5563 5560 3.45
10 8 5560 5560 3.15
10 9 5560 5548 2.72
10 10 5548 5497 1.94
10 11 5497 5327 1.26
10 12 5327 4391 0.89
10 13 4391 2457 0.47
10 14 2457 1187 0.28
10 15 1187 537 0.20
10 16 537 237 0.13
10 17 237 98 0.07
10 18 98 40 0.03
10 19 40 15 0.01
10 20 15 5 0.01
10 21 5 0 0.00
11 0 1 1055 0.01
11 1 1055 9918 2.85
11 2 9918 13993 7.17
11 3 13993 14772 8.60
11 4 14772 14780 8.08
11 5 14780 14780 7.93
11 6 14780 14780 7.62
11 7 14780 14771 6.75
11 8 14771 14707 5.50
11 9 14707 14454 4.22
11 10 14454 13874 2.77
11 11 13874 11578 1.60
11 12 11578 6587 0.84
11 13 6587 3135 0.42
11 14 3135 1375 0.27
11 15 1375 601 0.20
11 16 601 262 0.15
11 17 262 111 0.09
11 18 111 46 0.04
11 19 46 17 0.02
11 20 17 6 0.01
11 21 6 0 0.00
12 0 1 2079 0.02
12 1 2079 23778 6.77
12 2 23778 36225 18.00
12 3 36225 39176 21.17
12 4 39176 39182 21.22
12 5 39182 39182 19.49
12 6 39182 39169 16.67
12 7 39169 38856 12.58
12 8 38856 37837 9.17
12 9 37837 35697 5.21
12 10 35697 29693 3.17
12 11 29693 17136 1.71
12 12 17136 8109 0.88
12 13 8109 3405 0.47
12 14 3405 1410 0.27
12 15 1410 598 0.21
12 16 598 263 0.16
12 17 263 118 0.09
12 18 118 49 0.04
12 19 49 18 0.02
12 20 18 6 0.01
12 21 6 0 0.01
13 0 1 4159 0.02
13 1 4159 57408 15.57
13 2 57408 94542 50.72
13 3 94542 104382 55.74
13 4 104382 104383 52.50
13 5 104383 104297 44.63
13 6 104297 103617 32.92
13 7 103617 100016 21.36
13 8 100016 92536 12.70
13 9 92536 75803 6.61
13 10 75803 43037 3.34
13 11 43037 20348 1.70
13 12 20348 8740 0.87
13 13 8740 3480 0.47
13 14 3480 1398 0.27
13 15 1398 595 0.20
13 16 595 257 0.16
13 17 257 115 0.10
13 18 115 52 0.05
13 19 52 20 0.02
13 20 20 7 0.01
13 21 7 0 0.00
14 0 1 8255 0.03
14 1 8255 138190 36.71
14 2 138190 245275 137.69
14 3 245275 272420 141.62
14 4 272420 272313 121.30
14 5 272313 270987 88.54
14 6 270987 262599 56.59
14 7 262599 239288 30.91
14 8 239288 191868 16.59
14 9 191868 106312 7.95
14 10 106312 48245 3.63
14 11 48245 20641 1.89
14 12 20641 8529 0.85
14 13 8529 3386 0.43
14 14 3386 1320 0.27
14 15 1320 542 0.20
14 16 542 235 0.16
14 17 235 105 0.09
14 18 105 49 0.04
14 19 49 20 0.02
14 20 20 7 0.01
14 21 7 0 0.00
15 0 1 16511 0.06
15 1 16511 333623 85.38
15 2 333623 629419 341.98
15 3 629419 689583 313.90
15 4 689583 687436 235.78
15 5 687436 674502 149.89
15 6 674502 616895 88.56
15 7 616895 486531 44.78
15 8 486531 261162 21.16
15 9 261162 113129 8.81
15 10 113129 46642 3.93
15 11 46642 19146 1.90
15 12 19146 7810 0.90
15 13 7810 3145 0.46
15 14 3145 1241 0.28
15 15 1241 493 0.20
15 16 493 207 0.15
15 17 207 92 0.08
15 18 92 43 0.04
15 19 43 19 0.02
15 20 19 7 0.01
15 21 7 0 0.00
16 0 1 32895 0.09
16 1 32895 804455 186.30
16 2 804455 1565625 727.10
16 3 1565625 1666186 645.82
16 4 1666186 1654125 419.95
16 5 1654125 1550453 240.58
16 6 1550453 1221620 121.68
16 7 1221620 641756 60.27
16 8 641756 262301 21.87
16 9 262301 103794 8.93
16 10 103794 41499 4.03
16 11 41499 16877 1.86
16 12 16877 6892 0.92
16 13 6892 2799 0.43
16 14 2799 1129 0.22
16 15 1129 451 0.19
16 16 451 182 0.14
16 17 182 78 0.07
16 18 78 36 0.03
16 19 36 16 0.02
16 20 16 6 0.01
16 21 6 0 0.00
17 0 1 65791 0.16
17 1 65791 1942129 362.07
17 2 1942129 3717802 1453.02
17 3 3717802 3823966 1108.47
17 4 3823966 3727405 687.76
17 5 3727405 2999546 372.97
17 6 2999546 1550526 174.98
17 7 1550526 603124 70.83
17 8 603124 226462 25.87
17 9 226462 88045 10.07
17 10 88045 35320 4.50
17 11 35320 14422 1.80
17 12 14422 5914 0.85
17 13 5914 2419 0.42
17 14 2419 986 0.26
17 15 986 401 0.18
17 16 401 162 0.13
17 17 162 67 0.06
17 18 67 29 0.03
17 19 29 13 0.01
17 20 13 5 0.01
17 21 5 0 0.00
18 0 1 131327 0.31
18 1 131327 4686339 589.37
18 2 4686339 8232356 2867.41
18 3 8232356 8281416 2070.42
18 4 8281416 7094524 1243.72
18 5 7094524 3671768 663.62
18 6 3671768 1358340 200.47
18 7 1358340 490584 84.28
18 8 490584 184652 30.39
18 9 184652 72939 10.57
18 10 72939 29642 4.21
18 11 29642 12169 1.90
18 12 12169 5005 0.84
18 13 5005 2057 0.41
18 14 2057 844 0.26
18 15 844 346 0.19
18 16 346 142 0.13
18 17 142 58 0.05
18 18 58 24 0.02
18 19 24 10 0.01
18 20 10 4 0.01
18 21 4 0 0.00
19 0 1 262655 0.62
19 1 262655 11313826 883.76
19 2 11313826 15888222 6355.08
19 3 15888222 15625567 4683.18
19 4 15625567 8349717 2862.46
19 5 8349717 2987056 824.24
19 6 2987056 1033989 336.68
19 7 1033989 382744 98.74
19 8 382744 149939 36.06
19 9 149939 60617 12.48
19 10 60617 24865 5.08
19 11 24865 10245 1.77
19 12 10245 4224 0.86
19 13 4224 1742 0.40
19 14 1742 718 0.25
19 15 718 296 0.17
19 16 296 122 0.11
19 17 122 50 0.04
19 18 50 20 0.02
19 19 20 8 0.01
19 20 8 3 0.01
19 21 3 0 0.00
20 0 1 524799 1.28
20 1 524799 27308254 1482.91
20 2 27308254 29253599 16451.57
20 3 29253599 17317518 10931.78
20 4 17317518 5918143 3868.99
20 5 5918143 1994453 1135.12
20 6 1994453 733345 282.51
20 7 733345 287449 128.35
20 8 287449 116382 38.28
20 9 116382 47773 12.74
20 10 47773 19714 5.03
20 11 19714 8148 1.55
20 12 8148 3369 0.74
20 13 3369 1393 0.32
20 14 1393 576 0.22
20 15 576 238 0.16
20 16 238 98 0.09
20 17 98 40 0.04
20 18 40 16 0.02
20 19 16 6 0.01
20 20 6 2 0.01
20 21 2 0 0.00
21 0 1 1049599 2.76
