2 1
3 2
4 7
5 28
6 120
7 528
8 2344
9 10416
10 46160
11 203680
12 894312
13 3907056
14 16986352
15 73512288
16 316786960
17 1359763168
18 5815457184
19 24788842304
20 105340982248
21 446389242480
22 1886695382192
23 7955156287456
24 33468262290096
25 140516110684832
26 588832418973280
27 2463133441338048
28 10286493304041104
29 42892130604098656
30 178592047539343200
31 742609229473744320
32 3083957343567791392
33 12792021060576424896
34 53000868925259947840
35 219365134324873522816
36 907023528883142832360
37 3746790354386182679408
38 15463645062002474062384
39 63767018378178067474656
40 262742756317344213209200
41 1081765434874991509707040
42 4450606984357021640248032
43 18298022787758605020282816
44 75179913955330333724697136
45 308691924054843201409922592
46 1266737680502193374869298720
47 5195143014579351011947302208
48 21294548056433354780482923744
49 87238762619153966026251258944
50 357215388993130669706869321408
51 1461972832668274166622054798720
52 5980607387646160146041620683152
53 24454344401662831857303912620896
54 99949113428925529458869806905312
55 408339223098060975239324843503808
56 1667589448207043445103763684074720
57 6807526969422938138008513115876928
58 27779713847042456241881890412586944
59 113320894943316863354690494322740096
60 462105813310788477518381647819537440
61 1883767007048660765459985670660172480
62 7676656651039524682201012961936082112
63 31273813803219938188680600951476393856
64 127367251569088131210114445368380773952
65 518569662508902807622367441905656201088
66 2110730731989481040462312305997934956160
67 8588924373675347766755225069161350618368
68 34940457644375555662483107140403416689384
69 142103819009557887565057088088987431996784
70 577794753115039417278077970384598739866928
71 2348741982220065619685590304978637800147680
72 9545396077720069933175181782096435018910192
73 38783986657631501232717818862238584957786656
74 157548255901550972658744096654713359828727776
75 639852832067171123804631590979307041141592512
76 2598091966671950596741622532880594532398826480
77 10547252635423984468257778239364389638053337248
78 42809185324555586817218995054726663380196550304
79 173719932404687431872196608898315223305791224384
80 704822265209845508932563580396671236060231318368
81 2859097526475208067936653527889993474504879152960
82 11595774313585950879648812627663440719436878130112
83 47021224047033170209871722096282467342050873278336
84 190639718959539549723788408998412923151555051282736
85 772787257800409253122535171509799945079279778720032
86 3132098257371041135963526534034172839274825406474400
87 12692330146841905971962327409240726918175217962148928
88 51425619892327651841839857833795327266181681075249824
89 208329841248759034344265853262217300787181326577859264
90 843837318542453223475376885050277517850213500246113088
91 3417454529000069690492637545773368697466474206733671040
92 13838370617839983271749446758542195397217524590654718432
93 56028209544803437229428337309063553187728310869781098816
94 226813780266254197493807741963359529879522785886749508416
95 918066890489984987117863973955863680367444212866218092672
96 3715546122157681409079471263061739071663267320995192797120
97 15035422628284271413865203547815803914172887273551075579008
98 60835130758763551488976099874047252803961956810316779382144
99 246116203964324213906006893553538147618713508352336931629824
100 995575099364760706850100371290512775603091455699692862156688
