1 1 1 1
2 1 2 1
2 2 1 1
3 1 3 1
3 2 2 4
3 3 1 1
4 1 4 1
4 2 2 1
4 2 3 8
4 3 2 8
4 4 1 1
5 1 5 1
5 2 3 6
5 2 4 12
5 3 2 6
5 3 3 25
5 4 2 12
5 5 1 1
6 1 6 1
6 2 3 1
6 2 4 18
6 2 5 16
6 3 2 1
6 3 3 44
6 3 4 50
6 4 2 18
6 4 3 50
6 5 2 16
6 6 1 1
7 1 7 1
7 2 4 8
7 2 5 38
7 2 6 20
7 3 3 32
7 3 4 154
7 3 5 83
7 4 2 8
7 4 3 154
7 4 4 120
7 5 2 38
7 5 3 83
7 6 2 20
7 7 1 1
8 1 8 1
8 2 4 1
8 2 5 32
8 2 6 66
8 2 7 24
8 3 3 9
8 3 4 212
8 3 5 376
8 3 6 124
8 4 2 1
8 4 3 212
8 4 4 584
8 4 5 230
8 5 2 32
8 5 3 376
8 5 4 230
8 6 2 66
8 6 3 124
8 7 2 24
8 8 1 1
9 1 9 1
9 2 5 10
9 2 6 88
9 2 7 102
9 2 8 28
9 3 3 1
9 3 4 158
9 3 5 784
9 3 6 750
9 3 7 173
9 4 3 158
9 4 4 1396
9 4 5 1526
9 4 6 388
9 5 2 10
9 5 3 784
9 5 4 1526
9 5 5 497
9 6 2 88
9 6 3 750
9 6 4 388
9 7 2 102
9 7 3 173
9 8 2 28
9 9 1 1
10 1 10 1
10 2 5 1
10 2 6 50
10 2 7 192
10 2 8 146
10 2 9 32
10 3 4 62
10 3 5 987
10 3 6 2133
10 3 7 1316
10 3 8 230
10 4 3 62
10 4 4 2038
10 4 5 5154
10 4 6 3276
10 4 7 602
10 5 2 1
10 5 3 987
10 5 4 5154
10 5 5 4180
10 5 6 932
10 6 2 50
10 6 3 2133
10 6 4 3276
10 6 5 932
10 7 2 192
10 7 3 1316
10 7 4 602
10 8 2 146
10 8 3 230
10 9 2 32
10 10 1 1
11 1 11 1
11 2 6 12
11 2 7 170
11 2 8 360
11 2 9 198
11 2 10 36
11 3 4 12
11 3 5 778
11 3 6 3802
11 3 7 4803
11 3 8 2114
11 3 9 295
11 4 3 12
11 4 4 1952
11 4 5 11328
11 4 6 14192
11 4 7 6194
11 4 8 880
11 5 3 778
11 5 4 11328
11 5 5 18944
11 5 6 9458
11 5 7 1591
11 6 2 12
11 6 3 3802
11 6 4 14192
11 6 5 9458
11 6 6 1924
11 7 2 170
11 7 3 4803
11 7 4 6194
11 7 5 1591
11 8 2 360
11 8 3 2114
11 8 4 880
11 9 2 198
11 9 3 295
11 10 2 36
11 11 1 1
12 1 12 1
12 2 6 1
12 2 7 72
12 2 8 450
12 2 9 608
12 2 10 258
12 2 11 40
12 3 4 1
12 3 5 370
12 3 6 4622
12 3 7 11127
12 3 8 9490
12 3 9 3184
12 3 10 368
12 4 3 1
12 4 4 1232
12 4 5 17598
12 4 6 41196
12 4 7 32824
12 4 8 10704
12 4 9 1230
12 5 3 370
12 5 4 17598
12 5 5 58665
12 5 6 52488
12 5 7 18936
12 5 8 2538
12 6 2 1
12 6 3 4622
12 6 4 41196
12 6 5 52488
12 6 6 22576
12 6 7 3588
12 7 2 72
12 7 3 11127
12 7 4 32824
12 7 5 18936
12 7 6 3588
12 8 2 450
12 8 3 9490
12 8 4 10704
12 8 5 2538
12 9 2 608
12 9 3 3184
12 9 4 1230
12 10 2 258
12 10 3 368
12 11 2 40
12 12 1 1
13 1 13 1
13 2 7 14
13 2 8 292
13 2 9 1002
13 2 10 952
13 2 11 326
13 2 12 44
13 3 5 101
13 3 6 3814
13 3 7 18278
13 3 8 27252
13 3 9 17042
13 3 10 4566
13 3 11 449
13 4 4 488
13 4 5 19912
13 4 6 87980
13 4 7 117616
13 4 8 67284
13 4 9 17294
13 4 10 1660
13 5 3 101
13 5 4 19912
13 5 5 135325
13 5 6 204466
13 5 7 123652
13 5 8 34726
13 5 9 3845
13 6 3 3814
13 6 4 87980
13 6 5 204466
13 6 6 147656
13 6 7 47798
13 6 8 6212
13 7 2 14
13 7 3 18278
13 7 4 117616
13 7 5 123652
13 7 6 47798
13 7 7 7265
13 8 2 292
13 8 3 27252
13 8 4 67284
13 8 5 34726
13 8 6 6212
13 9 2 1002
13 9 3 17042
13 9 4 17294
13 9 5 3845
13 10 2 952
13 10 3 4566
13 10 4 1660
13 11 2 326
13 11 3 449
13 12 2 44
13 13 1 1
14 1 14 1
14 2 7 1
14 2 8 98
14 2 9 912
14 2 10 1970
14 2 11 1408
14 2 12 402
14 2 13 48
14 3 5 15
14 3 6 2068
14 3 7 21825
14 3 8 56382
14 3 9 58755
14 3 10 28459
14 3 11 6300
14 3 12 538
14 4 4 116
14 4 5 16440
14 4 6 143866
14 4 7 316126
14 4 8 286748
14 4 9 126078
14 4 10 26516
14 4 11 2178
14 5 3 15
14 5 4 16440
14 5 5 241550
14 5 6 611859
14 5 7 572705
14 5 8 260616
14 5 9 59556
14 5 10 5592
14 6 3 2068
14 6 4 143866
14 6 5 611859
14 6 6 695088
14 6 7 356514
14 6 8 92820
14 6 9 10156
14 7 2 1
14 7 3 21825
14 7 4 316126
14 7 5 572705
14 7 6 356514
14 7 7 107052
14 7 8 13582
14 8 2 98
14 8 3 56382
14 8 4 286748
14 8 5 260616
14 8 6 92820
14 8 7 13582
14 9 2 912
14 9 3 58755
14 9 4 126078
14 9 5 59556
14 9 6 10156
14 10 2 1970
14 10 3 28459
14 10 4 26516
14 10 5 5592
14 11 2 1408
14 11 3 6300
14 11 4 2178
14 12 2 402
14 12 3 538
14 13 2 48
14 14 1 1
15 1 15 1
15 2 8 16
15 2 9 462
15 2 10 2364
15 2 11 3530
15 2 12 1992
15 2 13 486
15 2 14 52
15 3 5 1
15 3 6 708
15 3 7 18671
15 3 8 87964
15 3 9 147021
15 3 10 115022
15 3 11 44893
15 3 12 8426
15 3 13 635
15 4 4 16
15 4 5 9658
15 4 6 182992
15 4 7 668840
15 4 8 923992
15 4 9 623728
15 4 10 220336
15 4 11 38986
15 4 12 2792
15 5 3 1
15 5 4 9658
15 5 5 339488
15 5 6 1466938
15 5 7 2067669
15 5 8 1392272
15 5 9 505362
15 5 10 96850
15 5 11 7867
15 6 3 708
15 6 4 182992
15 6 5 1466938
15 6 6 2584696
15 6 7 1933180
15 6 8 775644
15 6 9 168602
15 6 10 15860
15 7 3 18671
15 7 4 668840
15 7 5 2067669
15 7 6 1933180
15 7 7 887992
15 7 8 219922
15 7 9 23859
15 8 2 16
15 8 3 87964
15 8 4 923992
15 8 5 1392272
15 8 6 775644
15 8 7 219922
15 8 8 27288
15 9 2 462
15 9 3 147021
15 9 4 623728
15 9 5 505362
15 9 6 168602
15 9 7 23859
15 10 2 2364
15 10 3 115022
15 10 4 220336
15 10 5 96850
15 10 6 15860
15 11 2 3530
15 11 3 44893
15 11 4 38986
15 11 5 7867
15 12 2 1992
15 12 3 8426
15 12 4 2792
15 13 2 486
15 13 3 635
15 14 2 52
15 15 1 1
16 1 16 1
16 2 8 1
16 2 9 128
16 2 10 1666
16 2 11 5336
16 2 12 5890
16 2 13 2720
16 2 14 578
16 2 15 56
16 3 6 149
16 3 7 11125
16 3 8 103856
16 3 9 282621
16 3 10 338896
16 3 11 208767
16 3 12 67648
16 3 13 10984
16 3 14 740
16 4 4 1
16 4 5 3892
16 4 6 180736
16 4 7 1140300
16 4 8 2377060
16 4 9 2340070
16 4 10 1243156
16 4 11 364164
16 4 12 55384
16 4 13 3510
16 5 4 3892
16 5 5 376953
16 5 6 2879126
16 5 7 6096423
16 5 8 5835024
16 5 9 3054369
16 5 10 917690
16 5 11 150808
16 5 12 10766
16 6 3 149
16 6 4 180736
16 6 5 2879126
16 6 6 7930294
16 6 7 8388536
16 6 8 4728414
16 6 9 1560298
16 6 10 290200
16 6 11 23852
16 7 3 11125
16 7 4 1140300
16 7 5 6096423
16 7 6 8388536
16 7 7 5406161
16 7 8 2002570
16 7 9 422376
16 7 10 39856
16 8 2 1
16 8 3 103856
16 8 4 2377060
16 8 5 5835024
16 8 6 4728414
16 8 7 2002570
16 8 8 477464
16 8 9 51290
16 9 2 128
16 9 3 282621
16 9 4 2340070
16 9 5 3054369
16 9 6 1560298
16 9 7 422376
16 9 8 51290
16 10 2 1666
16 10 3 338896
16 10 4 1243156
16 10 5 917690
16 10 6 290200
16 10 7 39856
16 11 2 5336
16 11 3 208767
16 11 4 364164
16 11 5 150808
16 11 6 23852
16 12 2 5890
16 12 3 67648
16 12 4 55384
16 12 5 10766
16 13 2 2720
16 13 3 10984
16 13 4 3510
16 14 2 578
16 14 3 740
16 15 2 56
16 16 1 1
17 1 17 1
17 2 9 18
17 2 10 688
17 2 11 4942
17 2 12 10836
17 2 13 9290
17 2 14 3608
17 2 15 678
17 2 16 60
17 3 6 18
17 3 7 4486
17 3 8 91342
17 3 9 424765
17 3 10 774538
17 3 11 710186
17 3 12 356552
17 3 13 98180
17 3 14 14014
17 3 15 853
17 4 5 1050
17 4 6 136448
17 4 7 1580262
17 4 8 5026492
17 4 9 7057196
17 4 10 5324052
17 4 11 2311232
17 4 12 574996
17 4 13 76454
17 4 14 4340
17 5 4 1050
17 5 5 328380
17 5 6 4673698
17 5 7 15058973
17 5 8 20156838
17 5 9 14519109
17 5 10 6189482
17 5 11 1579762
17 5 12 226486
17 5 13 14393
17 6 3 18
17 6 4 136448
17 6 5 4673698
17 6 6 20537800
17 6 7 30519310
17 6 8 23198336
17 6 9 10535342
17 6 10 2948792
17 6 11 477694
17 6 12 34756
17 7 3 4486
17 7 4 1580262
17 7 5 15058973
17 7 6 30519310
17 7 7 26662289
17 7 8 13424246
17 7 9 4189208
17 7 10 767886
17 7 11 63861
17 8 3 91342
17 8 4 5026492
17 8 5 20156838
17 8 6 23198336
17 8 7 13424246
17 8 8 4694728
17 8 9 967894
17 8 10 91308
17 9 2 18
17 9 3 424765
17 9 4 7057196
17 9 5 14519109
17 9 6 10535342
17 9 7 4189208
17 9 8 967894
17 9 9 102745
17 10 2 688
17 10 3 774538
17 10 4 5324052
17 10 5 6189482
17 10 6 2948792
17 10 7 767886
17 10 8 91308
17 11 2 4942
17 11 3 710186
17 11 4 2311232
17 11 5 1579762
17 11 6 477694
17 11 7 63861
17 12 2 10836
17 12 3 356552
17 12 4 574996
17 12 5 226486
17 12 6 34756
17 13 2 9290
17 13 3 98180
17 13 4 76454
17 13 5 14393
17 14 2 3608
17 14 3 14014
17 14 4 4340
17 15 2 678
17 15 3 853
17 16 2 60
17 17 1 1
18 1 18 1
18 2 9 1
18 2 10 162
18 2 11 2816
18 2 12 12642
18 2 13 20256
18 2 14 14002
18 2 15 4672
18 2 16 786
18 2 17 64
18 3 6 1
18 3 7 1199
18 3 8 58490
18 3 9 497268
18 3 10 1410450
18 3 11 1884183
18 3 12 1379100
18 3 13 579307
18 3 14 138097
18 3 15 17556
18 3 16 974
18 4 5 186
18 4 6 76754
18 4 7 1775266
18 4 8 8868708
18 4 9 17684044
18 4 10 18385978
18 4 11 11136190
18 4 12 4059540
18 4 13 873946
18 4 14 103004
18 4 15 5290
18 5 4 186
18 5 5 220332
18 5 6 6293542
18 5 7 31607964
18 5 8 59064860
18 5 9 57135593
18 5 10 32853411
18 5 11 11766441
18 5 12 2601174
18 5 13 329876
18 5 14 18860
18 6 3 1
18 6 4 76754
18 6 5 6293542
18 6 6 45451572
18 6 7 95494783
18 6 8 96153722
18 6 9 57373826
18 6 10 21828266
18 6 11 5293116
18 6 12 757212
18 6 13 49300
18 7 3 1199
18 7 4 1775266
18 7 5 31607964
18 7 6 95494783
18 7 7 111835470
18 7 8 73283704
18 7 9 30577329
18 7 10 8249710
18 7 11 1333268
18 7 12 98786
18 8 3 58490
18 8 4 8868708
18 8 5 59064860
18 8 6 96153722
18 8 7 73283704
18 8 8 34071432
18 8 9 10227332
18 8 10 1854620
18 8 11 155350
18 9 2 1
18 9 3 497268
18 9 4 17684044
18 9 5 57135593
18 9 6 57373826
18 9 7 30577329
18 9 8 10227332
18 9 9 2067300
18 9 10 194240
18 10 2 162
18 10 3 1410450
18 10 4 18385978
18 10 5 32853411
18 10 6 21828266
18 10 7 8249710
18 10 8 1854620
18 10 9 194240
18 11 2 2816
18 11 3 1884183
18 11 4 11136190
18 11 5 11766441
18 11 6 5293116
18 11 7 1333268
18 11 8 155350
18 12 2 12642
18 12 3 1379100
18 12 4 4059540
18 12 5 2601174
18 12 6 757212
18 12 7 98786
18 13 2 20256
18 13 3 579307
18 13 4 873946
18 13 5 329876
18 13 6 49300
18 14 2 14002
18 14 3 138097
18 14 4 103004
18 14 5 18860
18 15 2 4672
18 15 3 17556
18 15 4 5290
18 16 2 786
18 16 3 974
18 17 2 64
18 18 1 1
19 1 19 1
19 2 10 20
19 2 11 978
19 2 12 9424
19 2 13 28814
19 2 14 35436
19 2 15 20330
19 2 16 5928
19 2 17 902
19 2 18 68
19 3 7 206
19 3 8 26674
19 3 9 447024
19 3 10 2058246
19 3 11 4027835
19 3 12 4174392
19 3 13 2516117
19 3 14 902850
19 3 15 189159
19 3 16 21650
19 3 17 1103
19 4 5 20
19 4 6 31408
19 4 7 1597288
19 4 8 13123452
19 4 9 37532960
19 4 10 53063120
19 4 11 43321472
19 4 12 21758288
19 4 13 6800480
19 4 14 1286160
19 4 15 135906
19 4 16 6368
19 5 4 20
19 5 5 111100
19 5 6 7007536
19 5 7 56778486
19 5 8 149396746
19 5 9 191938952
19 5 10 144631830
19 5 11 68948067
19 5 12 21216472
19 5 13 4124556
19 5 14 467986
19 5 15 24287
19 6 4 31408
19 6 5 7007536
19 6 6 86514652
19 6 7 260733640
19 6 8 346100052
19 6 9 264889964
19 6 10 130349384
19 6 11 42627772
19 6 12 9096488
19 6 13 1162050
19 6 14 68324
19 7 3 206
19 7 4 1597288
19 7 5 56778486
19 7 6 260733640
19 7 7 409982610
19 7 8 342557792
19 7 9 182077336
19 7 10 65085636
19 7 11 15447022
19 7 12 2225714
19 7 13 148271
19 8 3 26674
19 8 4 13123452
19 8 5 149396746
19 8 6 346100052
19 8 7 342557792
19 8 8 202352464
19 8 9 79706180
19 8 10 20993048
19 8 11 3388610
19 8 12 254336
19 9 3 447024
19 9 4 37532960
19 9 5 191938952
19 9 6 264889964
19 9 7 182077336
19 9 8 79706180
19 9 9 23215716
19 9 10 4166306
19 9 11 349799
19 10 2 20
19 10 3 2058246
19 10 4 53063120
19 10 5 144631830
19 10 6 130349384
19 10 7 65085636
19 10 8 20993048
19 10 9 4166306
19 10 10 388692
19 11 2 978
19 11 3 4027835
19 11 4 43321472
19 11 5 68948067
19 11 6 42627772
19 11 7 15447022
19 11 8 3388610
19 11 9 349799
19 12 2 9424
19 12 3 4174392
19 12 4 21758288
19 12 5 21216472
19 12 6 9096488
19 12 7 2225714
19 12 8 254336
19 13 2 28814
19 13 3 2516117
19 13 4 6800480
19 13 5 4124556
19 13 6 1162050
19 13 7 148271
19 14 2 35436
19 14 3 902850
19 14 4 1286160
19 14 5 467986
19 14 6 68324
19 15 2 20330
19 15 3 189159
19 15 4 135906
19 15 5 24287
19 16 2 5928
19 16 3 21650
19 16 4 6368
19 17 2 902
19 17 3 1103
19 18 2 68
19 19 1 1
20 1 20 1
20 2 10 1
20 2 11 200
20 2 12 4482
20 2 13 27008
20 2 14 59906
20 2 15 58728
20 2 16 28610
20 2 17 7392
20 2 18 1026
20 2 19 72
20 3 7 21
20 3 8 8518
20 3 9 302954
20 3 10 2392971
20 3 11 7024791
20 3 12 10250641
20 3 13 8573603
20 3 14 4357914
20 3 15 1358407
20 3 16 253278
20 3 17 26336
20 3 18 1240
20 4 5 1
20 4 6 9218
20 4 7 1130330
20 4 8 16237056
20 4 9 68157418
20 4 10 130833954
20 4 11 141266772
20 4 12 94188774
20 4 13 40173382
20 4 14 10944348
20 4 15 1841168
20 4 16 176096
20 4 17 7582
20 5 4 1
20 5 5 41284
20 5 6 6394169
20 5 7 87483769
20 5 8 329593574
20 5 9 561387251
20 5 10 545278772
20 5 11 335265337
20 5 12 136040728
20 5 13 36585145
20 5 14 6331700
20 5 15 648920
20 5 16 30802
20 6 4 9218
20 6 5 6394169
20 6 6 142004479
20 6 7 626385574
20 6 8 1100085270
20 6 9 1067165986
20 6 10 660804162
20 6 11 276693876
20 6 12 79217112
20 6 13 15058580
20 6 14 1733888
20 6 15 92788
20 7 3 21
20 7 4 1130330
20 7 5 87483769
20 7 6 626385574
20 7 7 1334773314
20 7 8 1410966314
20 7 9 931213826
20 7 10 418818560
20 7 11 131026109
20 7 12 27702556
20 7 13 3591128
20 7 14 216796
20 8 3 8518
20 8 4 16237056
20 8 5 329593574
20 8 6 1100085270
20 8 7 1410966314
20 8 8 1035597552
20 8 9 509052488
20 8 10 174828858
20 8 11 40984856
20 8 12 5943008
20 8 13 402826
20 9 3 302954
20 9 4 68157418
20 9 5 561387251
20 9 6 1067165986
20 9 7 931213826
20 9 8 509052488
20 9 9 192104477
20 9 10 49657888
20 9 11 7992488
20 9 12 604366
20 10 2 1
20 10 3 2392971
20 10 4 130833954
20 10 5 545278772
20 10 6 660804162
20 10 7 418818560
20 10 8 174828858
20 10 9 49657888
20 10 10 8813760
20 10 11 738728
20 11 2 200
20 11 3 7024791
20 11 4 141266772
20 11 5 335265337
20 11 6 276693876
20 11 7 131026109
20 11 8 40984856
20 11 9 7992488
20 11 10 738728
20 12 2 4482
20 12 3 10250641
20 12 4 94188774
20 12 5 136040728
20 12 6 79217112
20 12 7 27702556
20 12 8 5943008
20 12 9 604366
20 13 2 27008
20 13 3 8573603
20 13 4 40173382
20 13 5 36585145
20 13 6 15058580
20 13 7 3591128
20 13 8 402826
20 14 2 59906
20 14 3 4357914
20 14 4 10944348
20 14 5 6331700
20 14 6 1733888
20 14 7 216796
20 15 2 58728
20 15 3 1358407
20 15 4 1841168
20 15 5 648920
20 15 6 92788
20 16 2 28610
20 16 3 253278
20 16 4 176096
20 16 5 30802
20 17 2 7392
20 17 3 26336
20 17 4 7582
20 18 2 1026
20 18 3 1240
20 19 2 72
20 20 1 1
21 1 21 1
21 2 11 22
21 2 12 1340
21 2 13 16722
21 2 14 68464
21 2 15 115598
21 2 16 93060
21 2 17 39210
21 2 18 9080
21 2 19 1158
21 2 20 76
21 3 7 1
21 3 8 1870
21 3 9 152085
21 3 10 2189618
21 3 11 10004273
21 3 12 20774852
21 3 13 23804024
21 3 14 16537002
21 3 15 7222982
21 3 16 1983132
21 3 17 332518
21 3 18 31654
21 3 19 1385
21 4 6 1916
21 4 7 616874
21 4 8 16636988
21 4 9 106218098
21 4 10 279287272
21 4 11 395500582
21 4 12 342273760
21 4 13 191666492
21 4 14 70711164
21 4 15 17018064
21 4 16 2573236
21 4 17 224574
21 4 18 8940
21 5 5 11195
21 5 6 4711828
21 5 7 115415028
21 5 8 637759056
21 5 9 1448032642
21 5 10 1798184472
21 5 11 1398157545
21 5 12 723729690
21 5 13 254874715
21 5 14 60715122
21 5 15 9450216
21 5 16 881958
21 5 17 38541
21 6 4 1916
21 6 5 4711828
21 6 6 200893484
21 6 7 1330143504
21 6 8 3120090644
21 6 9 3820436374
21 6 10 2929880312
21 6 11 1524870480
21 6 12 555186292
21 6 13 141091098
21 6 14 24129144
21 6 15 2524102
21 6 16 123780
21 7 3 1
21 7 4 616874
21 7 5 115415028
21 7 6 1330143504
21 7 7 3896060526
21 7 8 5211751338
21 7 9 4213508044
21 7 10 2317092610
21 7 11 905226893
21 7 12 251583974
21 7 13 47852596
21 7 14 5623878
21 7 15 309801
21 8 3 1870
21 8 4 16636988
21 8 5 637759056
21 8 6 3120090644
21 8 7 5211751338
21 8 8 4705081628
21 8 9 2809261562
21 8 10 1192403528
21 8 11 363483558
21 8 12 76628204
21 8 13 10057254
21 8 14 619860
21 9 3 152085
21 9 4 106218098
21 9 5 1448032642
21 9 6 3820436374
21 9 7 4213508044
21 9 8 2809261562
21 9 9 1303994939
21 9 10 434984762
21 9 11 100995116
21 9 12 14692438
21 9 13 1007445
21 10 3 2189618
21 10 4 279287272
21 10 5 1798184472
21 10 6 2929880312
21 10 7 2317092610
21 10 8 1192403528
21 10 9 434984762
21 10 10 110620672
21 10 11 17715462
21 10 12 1343356
21 11 2 22
21 11 3 10004273
21 11 4 395500582
21 11 5 1398157545
21 11 6 1524870480
21 11 7 905226893
21 11 8 363483558
21 11 9 100995116
21 11 10 17715462
21 11 11 1477721
21 12 2 1340
21 12 3 20774852
21 12 4 342273760
21 12 5 723729690
21 12 6 555186292
21 12 7 251583974
21 12 8 76628204
21 12 9 14692438
21 12 10 1343356
21 13 2 16722
21 13 3 23804024
21 13 4 191666492
21 13 5 254874715
21 13 6 141091098
21 13 7 47852596
21 13 8 10057254
21 13 9 1007445
21 14 2 68464
21 14 3 16537002
21 14 4 70711164
21 14 5 60715122
21 14 6 24129144
21 14 7 5623878
21 14 8 619860
21 15 2 115598
21 15 3 7222982
21 15 4 17018064
21 15 5 9450216
21 15 6 2524102
21 15 7 309801
21 16 2 93060
21 16 3 1983132
21 16 4 2573236
21 16 5 881958
21 16 6 123780
21 17 2 39210
21 17 3 332518
21 17 4 224574
21 17 5 38541
21 18 2 9080
21 18 3 31654
21 18 4 8940
21 19 2 1158
21 19 3 1385
21 20 2 76
21 21 1 1
