1 1
2 2
3 6
4 19
5 59
6 176
7 502
8 1374
9 3630
10 9312
11 23320
12 57279
13 138536
14 331032
15 783630
16 1841867
17 4306172
18 10028276
19 23288394
20 53974959
21 124925967
22 288878550
23 667602492
24 1542254655
25 3562000916
26 8225719574
27 18994263354
28 43858728367
29 101270779744
30 233836327750
31 539935689810
32 1246738231506
33 2878802188103
34 6647393281542
35 15349472649316
36 35443580355058
37 81843331625506
38 188986254056214
39 436393251610988
40 1007688926337136
41 2326887646231174
42 5373096911919430
43 12407210967610968
44 28649946946398404
45 66156662719722554
46 152764848076363068
47 352755121533298888
48 814560334881088671
49 1880932506906869920
50 4343333540533647512
51 10029358643747282354
52 23159178418841695205
53 53477751636446203390
54 123487538628907778952
55 285149838913212420090
56 658450494444318752013
57 1520453443358907195116
58 3510937717772932491996
59 8107241771575730104560
60 18720744843510012627560
61 43228794389450023664370
62 99821277431674933610264
63 230501164099973818616396
64 532259133753114653136325
65 1229060107288237025053959
66 2838070127096011421120616
67 6553497260813301609535616
68 15132933445876265746601627
69 34944040649660176030747882
70 80690632870291530023455442
71 186325854479964804481283850
72 430252221513389255208819253
73 993512009560456899266430598
74 2294156924210064403075020252
75 5297526292845028678175606634
76 12232722411984508348598479548
77 28247051423002232505172572548
78 65226356588630922951648411030
79 150616697301123337539592638994
80 347794828537970331712254983061
81 803106461137745283861308052076
82 1854484123966181005880423107554
83 4282260861368909891559500695190
84 9888333821695504228287689146416
85 22833533251412119578284177939973
86 52725792852930582047658523270882
87 121751163140650776335839650087862
88 281140309590953334488111352801234
89 649191939017352944763408193269846
90 1499074160864025492222630549797738
91 3461569999115645862704209351128850
92 7993244878472941868953627213483755
93 18457510234823186672182577506716384
94 42620949220022817533402099425137936
95 98417678728333927919709214732842082
96 227260060217597548938665943147891261
97 524774975771066714789631204784168910
98 1211778149367045425751159981769529436
99 2798163691258049375925439649437784400
100 6461347769940076845393692727936704208
101 14920147500498558066781469860339086250
102 34452688411584737210767069986368673236
103 79556032455180616833622438552157860944
104 183705904874510954465079645630937344970
105 424202394768433900294157669109423641038
106 979542121143008673303209086680784419134
107 2261898515724136108970456576963681905618
108 5223037156855565571648198941361339553456
109 12060716673294367247728193434695397482866
110 27849866333528599173194776372300396888916
111 64309201169846532302419877988137504267460
112 148498858327547227770691777950694273848856
113 342904444829656828921340160456676592646942
114 791813887380728006886780618050068732420592
115 1828408006085885042916788607724962695610734
116 4222047491207375237454016934150904146019277
117 9749292804821142777306109622287494511267710
118 22512468273291807153337997721681792329607982
119 51984409320986435196786062284158674590319094
120 120039205814579275722184972786669013978057198
121 277187162859187332674973948637465524844931618
122 640063575333934591349525542201179868297388338
123 1477995503988688866638729589520421139013704592
124 3412896459029236624080465318989722850149952984
125 7880850928585397901487423632887766703510881952
126 18197977027481008899057097651208377066959968674
127 42021651074698154747626264563359906857441426494
128 97033816252053369225885234289284749704551812779
129 224064529965756215384873171519934259009943278488
130 517396053540384791954621900638966062352491864514
131 1194739195266993476759057792311356608578891251260
132 2758818384755632585336449479524522708080236157157
133 6370494004228929017148771505772331663899508443931
134 14710353563745539903449424617262450420519672598858
135 33968245135581606168093726521600653338658160793180
136 78437385790282330345651500380887107523877992512708
137 181122794688293876091964815917689612610634777104050
138 418237635346614923935872330941155932633757209811348
139 965768664962154787599326317019665610867883233391326
140 2230093696493379959715559556512309492009460188322269
141 5149595421315926650539514496138903902644998684235988
142 11891129527398615228353025436634224511887331992820952
143 27458266110007948974165136931348931984621931366289702
144 63404941980558150787483659067548252711400289123720377
145 146410798535187680914286386295244575395978634264117662
146 338082825377937739989183983964767324436739091443838328
147 780680099822410438622601284845171991473543457179433412
148 1802698547545031049774436050039007413913832055501397557
149 4162680788277058974140402922562379189305023965508240746
150 9612206859925962921496029060904172669532446910003744210
151 22195917827331169826150015783199263235359763873819357870
152 51253450469482748331233209241051993996969717777269219023
153 118351320520435578250150231610949211684774188415373789760
154 273289601785365126758273122739240078815822995226171440426
155 631063566638509090247996049875315246275931213274420053556
156 1457213236569771804035361043445272797470082387628536724353
157 3364907323275300306674907952346201759892602191651167524476
158 7770037363155407242785750548509541134866097608478821106448
159 17942093146882063529911353508300530782977930400782940312360
160 41430779730595957766323096237860545848636460659607471639274
161 95669412427693923374288359973621499030432009161428684731437
162 220913932438040097189817309657005793275833948162832239674432
163 510120887197083860399548923228702359337541741984296735428794
164 1177939827890778204548063682425179198016582184083662940181275
165 2720026317203676647594417591702671308486890450739927761477128
166 6280917743929623954738801885904084734324291109325639517424382
167 14503509564042196370697854736641362429994067953969284155166040
168 33490613673067774213418794564848436473042086833356886825600620
169 77334468546802753501027216581676929980449486164963128543622206
170 178576005916125499254925830203778651386084253076624886799191386
171 412356747103740140416875363087393424176042291964125167721722810
172 952188878957469065130639620026937909513384344952007244131491461
173 2198736088540790831403031209064888865941751504330010779702011220
174 5077186358598075855872636447700067729301716540040958624339812324
175 11723926966169937674659972517096864398107551145311984237126849926
176 27072172222971104571067389989720993094449640955305896693459899315
177 62513397685352388967979501754364533431702261338121611800716303246
178 144352099195464420728796810853254271297264566303687954219318008314
179 333329003280518752670394715807856206298989652169307568971475475950
180 769702865751432936158029750394381553425899701994220371368425361316
181 1777350592703714479576245886257515295564679534460064547497621461712
182 4104148847490976325446184934277306900335058469076750914230924411804
183 9477048496514284222077766648020952932001759510797914796187215515926
184 21883818434165874267435773534065369655866080638398903838610267224378
185 50532769715769736723334416872476505073204727471450259364705260445206
186 116687168778566353908187741681410433098341948338253287020294671176328
187 269446844773056733488835971600011874183128573995636378363230078392864
188 622190108116596392386256692552292587776880230001629989794397101002562
189 1436723191040505825937954930166263670026626856195095881227839914496396
190 3317592968364573273600899487433658220209761697318269325209175546511796
191 7660781960212511236022840029695407585414894474075734569486777106092208
192 17689807279416748250492833077601316122009828516867420097547386760174285
193 40848216697479936015777255349657240360570842149126221813842656027081656
194 94324193644878046490497805462725172004047280510058231659160195528459178
195 217807635830166882944424283045592464464535680768465692479248802870247182
196 502948017817512219072422588054991153292929284184148823361704176725325697
197 1161376678381490766214434749741021500377907816501648059358912041019950764
198 2681779709444677978164907560396010910434486316228775668728737953161956528
199 6192601025889346581776722484668492363522020567249259818905778377416455816
200 14299574021979104350386219494834633460534550459964160699861684828678290626
201 33019698242338113966271244379859425393464050435050695064279414461068489676
202 76247059551510041805911653172057844207942187548349157264505939425949212178
203 176065027838360360404618438774063802795923658941273821833467396841120245908
204 406558550717365838083021144456652706948174097486546943739193155856164696433
205 938800039909982750912514526519896636374265325769191075598391710901203461280
206 2167819403576349882841910899627771593755355792516903677152820014391038476148
207 5005795448168844627396838961432844591906665710507789775569859967076193216060
208 11559075459684799329920506373259935994754183798107995477401566345432520155857
209 26691507247177599283978325443025098980334316394967051333780350508245182057128
210 61634389498618387341999022777397799410990398429526457510653902919597039145066
211 142322347467623479374612307790676366941366698952297597730843705179449410169658
212 328642025230881980172507642910211402826448105060672117456379225339143581112195
213 758879983850923773601017389733559356942710199476345162894557355845176570610082
214 1752359058416190680522316098832877557319834014313880490131923857120221673766682
215 4046439931161112792240679147310651320564704876181142249311760102021310762495280
216 9343790610637715926345159437755652801763724040069729918093629421853812111029461
217 21576107507022659752199812619090740324809214241379736547074708046794372522589796
218 49822222538313832008002938425996086834400564443322339921558047879313019907763086
219 115046416868720872675938902085552141835509305602364527024869377053933898149308816
220 265658121215951816247548885809333825675511278481355416327696504755341922025825434
221 613441420331425035461116813052916257966886201842200939425718413281592115058981874
222 1416521258434767557326909755968352705166820886383482321475387911429601512181009888
223 3270943906124801352009926630537065430224680623320200265748810808894138243477670158
224 7553062810251977603078413757039380096887800304233070680138056127494533685943440957
225 17441068833002125000285972856191422819541595388294460942357829473738307785725947877
226 40273845151218860243207784818200109749905210915219065447896637260980071016479217164
227 92997890140495684800628039857495225490777297396463554294093266514677655131276595472
228 214745017221728090617825171108355754164227936673111314062008724411472794553056231756
229 495876006992114068919306402598070165639415660757959311062030286453834596133561984198
230 1145046425252112850788998106020979832106263948212886263049576345774182923953052335108
231 2644070891704775348957374002579860695459618195104430925069257753004718989199594081334
232 6105526139537271819032437966577364894904770149649744192999063209287465888576697616792
233 14098506041393661738961692944592927261464156733556961588655654828258571322176913382248
234 32555404408485241790068018845191871840400049538224422183874113894724431515350164394770
235 75174940741114998114174889966526700711319647697778382861272361283716595542808777661602
236 173589356916641585822160493794658770044291564972145750576304450985491394257560602768748
237 400841883447638937606437675453444558684205296479527725182705371468653487409684682813764
238 925599462892227096039676297905747879821621011530751932683396843964740415940799772810662
239 2137337441730418732779220536118560240570358972621530449151163133182693998975948432226790
240 4935408373669977360982573806189082902570338472608795399871934967608996363927122088103237
241 11396541949487836232999585247069344219914660189921838197134109408222105048460430611386996
242 26316194846072316296734350567993411263449834287970116754817439721708072378507885175454198
243 60767741148670643768886328128477847348037215224622586273554453854636671579852632976236582
244 140321136315912952443296938272928355822455638803207285173812067283338995629483598127085529
245 324020951327063834729585131939389632976696122465681722123951397672199119263061529763833402
246 748209283756984883327848249265999351776290378047389815388202299421075476705198432400880294
247 1727718933011421053450767501123306287585500163904098307108490680260409860625603558269453342
248 3989542466644456068475660623352845899599710731111152745396514578453221485330818488083278258
249 9212406479459651481930783456732937717569461252427099624568841485822062954025249213733736682
250 21272723339168194825457140354137239687059394127362570896129405575807289335919127248986007792
251 49121666447715630169321845708340497002045105169806156714693555346848552604482826047191466608
252 113428735763127830257055007215098233276900115086679056416342177545985773232309189136446947527
253 261922671343325378763821559055948621098568168922872072644333471977537307584391141999709676172
254 604815748867091847894153809887478119340763838809495518561653878550459633153720191699535775036
255 1396603387563086231934177011718605114749471977816547021024848797602688311875807268394893596858
256 3224950781798028701370381215614033927723944027422471915478465583062385725126637821818730741826
257 7446858311841179247092966568930902816184312499200371421965529313093195881056154905055175404028
258 17195827926936443321395272937132840574542407848805497883259050599609013133161467499465527208480
259 39707549910359256058323652214473849349667283743186364141996746552939618859940141328784590428392
260 91690235944607384689257402096144130359767599078614965411234036376060401075386259369487812127186
261 211725462451271862091652816254166976833660502022808207161302897599444246225270169406760263604381
262 488903436536978388470394518072584495268647847085850148797672426704053438191663608052147615064942
263 1128945793719443078215463160046271287283928430452518003452573251253699989305430494435893262233272
264 2606892302055693662894382254941094672947685675687837504534571320593011742549023261461897112273076
265 6019675623332979642746170575121491618055442287914901446018097355039115526528540356800925312759458
266 13900265301168985659183489622072024430138813651119493371458265413605537810505022073615650531426812
267 32097639064462037243194857086067779200454631048382040534425508454766935054238552462000178359910202
268 74117897118541805573177732493736386053076397349034233267311828298516058521714204904304836025960015
269 171148496692923953610722278305455320190037309933798386853212186509676255646917803788827456099639828
270 395205598904127247689138634888808503375498220218734899415866947500079173058775526742562576617440602
271 912584500729812102760388335532201820323765044371865607907107133767225694096573456932021980828468820
272 2107284090310450161296053712092806981199946448533287228676479035030854749758364527941693026786939791
273 4866011020047204107427556185894224160190458656293627090464292160119487351864587327680104697719502208
274 11236293841962486689802998361426777981581604427953654627544301980586730184842356822943558339122147062
275 25946159756477356785518521989465421518267005863088103977488584086753634587036655917703208929192844660
276 59913278842400415375832664985799482377526568037784384401942379303478106737521196296770613110744576347
277 138348064427958186883827580064576537394910059215937799546664105736837780519700806617275158096753113972
278 319464854883172023874899145657198442235040138083575964181280326777159691341289426492411804312710093486
279 737688625623458477897552663593371922594295080639386396839688489103443246976971713711425111109643449034
280 1703425275288058861406285818825098403680128895459053248590327147162765935466616233963628308562893682874
281 3933445044022278987231983460700743749928462823694121326752111145575617686504731792949609797920127052936
282 9082869755896411223346064399448295381962330345488095449442763148442497504761932872842776745051011053676
283 20973605091534733063606423663288273698055602108685846951295977507888730533830153064858946021930768061520
284 48430960958135815692024239316567671572074159119418116066664414609263355769522212783219209927233040705567
285 111833801060513846768699891204019363959186250865378114895329966046711035938647060837328702220714770135714
286 258239746067677333993735568675627233079974818066060901329270230188793778932270774940454981247581046662260
287 596311363976740597231924456658118151764896762016219178819602667678533760083027941900745080721821802915622
288 1376965584200239431306709748205774521956145094112089820376599487777334899116112180091321162555262273748931
289 3179604372164643781153146342887022352624547487831124965600928502321318940816182125211276865894610939806944
290 7342147167287756397137045611354422509709698269623727040321019351667580936278462910612078736966804677058170
291 16954035381896326386751784789081023354567140923195491670207162430943364642609967757735648563300719545584348
292 39149217413027520149150806371348507803927138806457331644725845863824749316090140809724597155158385893198829
293 90400968827108077829133112020641049369703856489807924379634315896152567270252147470932817935582014241969618
294 208748365993142250980877809607584502792107431906765984308424232987716769202658179154675287109344391370578836
295 482028908209443780165037853627526977572514277183003754618690832498323038999909997965276514424211464858226822
296 1113071555047389174243386671748025143924002703648439300554997007128231594229506650244284527795784537291693820
297 2570236484898314570414827079569329166374034393763129395527098944206844759224255006454018290053505451309172088
298 5935032261264809471135681794913178417163099532535016880331467796581578429900523241926733849211632934506326912
299 13704812047148127433840265493049829395629466921880105543599933960897996229135745870936850092674749851352275432
300 31646310412410444817443334166266325205762488237437218481019011673670640820420921709244578884725835220750912500
301 73075716709813643134271464952034877107366602677113111807830854498599341748871485106856310229813149825333205028
302 168741957689916804543131842750125890750153937853052682508988204468021388320800548644258565288949128368500629604
303 389648566815928348261584164443735044907642436777562036355074641000388738761495537259554909684656695790896157856
304 899752543470576074406400444774261709113758998638395355297840833291198006949097808316507454468285791409735773949
305 2077653322575180848263956524898020233228996785341536446091586549005850144362651183617588733640988674255192522330
306 4797589470719681716841626253964178951423092660476031733494206677687445483962596613402219018000298425079786960286
307 11078299001794838579083050333220710505149841147162748962952642780606116980708254573288277447032565447264981794784
308 25581327773499157480795360826512995147909123948092771208987581958523437760094643518390334306727856893270581646655
309 59070831230424161235540053480748762318860141146495461551927849144802239257712653817322043435001622132343198162906
310 136402736134284704951917023349809144266462573333033706528844849562074570162787699659615348526401176833202816815018
311 314972822243552828253919931107583562254567739142655354446406149984343266308931764269144434983226752893581599245212
312 727315899692813539346215337994506705144440831896937356361132498827899940594433131601056529690277709402732696309828
313 1679473213523566661150070066232582915890689023096999302293067760406537164544007975182439869811325716813811899677024
314 3878136413812054340360755388336368494085731227316664744137438446295377600409263423682594697728638186900392464373220
315 8955154463333736577187148203285005614125780174825655138783959674286473849402268749868203559637251501144637644368124
316 20678692780519765935585555513214901797566247265459028838273082099368464927700038707885292878096713537204726901863984
317 47749967559122869131158287230622904751359741362115407002040744385308314482799703303026745210723777430608898230531772
318 110261292921049739028070910427459415661335839196123522628245214425619762721653589149259541873656238100336535669893944
319 254608606834514430816836415815153407815530554489785756724958442613947982570484907887090251971988301263226969015246580
320 587926560235687639665778129581705557625443893553097667716610665125858054396613705933968022006959789614618487709055390
321 1357603910284272135076215072818025183069682656405001834604014370029878452674331110231190790862245467720037845253616006
322 3134895583693803327286968945941040363768330371599627052399280851773040554088807257895031313883418737689140888229236338
323 7238908378368689230945599344302963549496668493510385977554209301189336119990366260782381588625547608096484700203932554
324 16715642710074607763957206738753642892142744487669092110862485231398210613372968996005345065481989808459343519902106343
325 38598735694156818539699412310712564443009591840520880721011080937619316865115541410930990072798042737468959052959707366
326 89129830245140833058108750562185389791800182170932810706408040067815148175439463757706235195870332812685049702887385180
327 205813130836050287614391535220740966729629266690012168010971405967421164861092627492780602802589812638990343409751184278
328 475251043427702230151387576151005056963988165299363533828302916363448888943573973642963446516294644267449711207951490513
329 1097420525899494190756761979059926382391324543461963402256294959182724443337686023873422187683614985403800242888705802514
330 2534096089467569776665112516221500457699082122375570253277659985842738801514083402430858673908800787880232800469868585248
331 5851579079397451598884705293352235667142199037662667591043412868872916591109942203143009517491669389489666403939792057760
332 13512107084161982727182586830120410427473147387227220587410272452290664025802417007658713189204039424800965697526107177035
333 31201327945252813576093929581625139155996849138544031186321035179976336194458456064864649578937247845175610145499503364044
334 72048190521544537459582150951476698683208700818118983310943978946322179608425249685853111567653055076054206899716582402086
335 166369257312926836768822553372455659208373627190836681683878705996942399132916147948034408591904855905501767632756708713208
336 384169672805010999527029138729151838742021250658260779476676261396099460929348530884747654244819750554204256600536177611802
337 887101017861199515507343203893435531583937308218803324341613539902735720738282680720705006067402289474435721941007025622168
338 2048439196526060330886346379285866884449055333890877830594083528024455371143125208952845983303751291357934949380563136894630
339 4730130004789235801723971307011131481890009208205667781294600045175686524867236058785225113426325348504514519880230453821436
340 10922525745529382264732925153074250751509438995408253436154564078786796110350956747544480879692765875819470839750065212016889
341 25221625735647831012132123026080281216766671683438366329693025127082691673374867142750312785622179597243280253072977210403169
342 58240229372722036862232030101287117897841050135139670813468147853107060491152357111251041372751125252941101834087960989364284
343 134484761328972725725814166346122781725444750664875306153295039279904503853868895484004897412578165794666112228323455001083376
344 310543952599571395050175848009606859927652122325012049109577822533286503279870857413090623784064097398262518274595464044169776
345 717089025873066123677939314719768512089888581722735111710118759014177879057964858827254331617537323652486603696198528279174648
346 1655857944497266650205403050380228632501689039471426418689705784522303115120604805820166034562360178871071149388799919127040726
347 3823605484711542731105431433893759778440953830090982339035570261079819969860706186844068886874677476640265189483380979921176118
348 8829234990417576259461506703147314127511845733378747816007543003069432702607866082424138322893995510525612815428948941732932025
349 20387927265957226170208615741031043173567365041443735753158897277541251925429280671256230463375796169992972984660129983326615510
350 47078549687836908576281102787715373409506037985566809261469995789595308782649589308814741328697103783926212971845932749618494160
351 108710896002211520902902780720454326529277150116811560599690080142347649612658211878137283745720290663652178382543244631534248988
352 251028525474244414607870861506555953300584598644166134451211700425517552193046837232283047197418588206899526839151201898026194651
353 579659656199425010310446235701865739896769721807981598249556572020142953733132846903185501064365920860750602000423747318917295424
354 1338514483126778457921679943114155565431180920507043633139070226612321300175420347904702536987796019640710483373966857981542721000
355 3090815450719863433120704971430593798899188133706246265918081630340608559497480250799245724248202951082012329472305469141091443926
356 7137121242119424506369925542630288589262980996944474070099883085303038880536886464320530269896059391803284987102493894989054571309
357 16480602105456841208341993263098458801728084139579002816811626762126922475847427383403604288171802414004309906334639860845926703118
358 38055994363034200091243212620345370415472574331161273041920840337833060671604358418602541778538928213442235764214852219286428181432
359 87876565291250029633279227285151809801633129674593148228487354208066533802170939458206141950949096797028888969166227294067107653480
360 202919168363352470454409517396172501687273494498424898873279893185687451418297335237004183862910273721586107506924870072838097247877
361 468568482994345552371191390821691574713864548758827563057774204785741175995623047170553837523061960136791987491844918232780745446392
362 1081989567700566930546772233350331663745746544813619796163725517236470593969255998844559948644253978691401208968706593404403234802422
363 2498463868358357218533921852017445602303376903859170050574292496911017721922226133063908669427091962869190249319990814665895625842064
364 5769299342468083351729777623839617029391638869768294271022518579517972395019238985326789231087134080245647099360190012905335256834713
365 13322111768169298173037035892755460655678170105900603969776056352453921220534562987108418645167543758010913260385078227832135457266216
366 30762602428542083115572421097671579623153640130580625406309808051578430573842299434756675245043724854546562724372136739139204525323764
367 71035112499028926864299812819410533595286561887257885829810641692757516630613624585450730187661608413558445738655170179714260846809766
368 164029919753081100449663082622048584781315916471893105778725913484756715727597241017716483383858564870842244381170010077099409853366313
369 378767818162743623928165886354188460525742421964599717764035777923179448066602818163122379366299689336002612545420702598845336354886360
370 874627386831178424989751050638343132677541382932860376565617202404083188553227859631211310448970982938174600927866507500735867163549204
371 2019635853715673819835136518875668333911103229033494553696512581088195250449370842665628304273251060273326506561044450778066459872415264
372 4663619094288843874772138670232144376013194954261877476170066061827968417829661963218116439126205455158604545235412496343708246923316837
373 10768942835215376819101853476746851621812923577179495809211311588773078469682661652028303881733159948513894137147743291494848782624689504
374 24866981510165744946567666071285473410051043238091610246091286408937733866823353252751097011918488305402214598887005239711255286595451502
375 57421306704759549850153198252213412597423094427966724164628587215772561758596561934311805191030539515205031408698511802283138258621651320
376 132593755391427372663022769806354384053040569759552612146330352475854602071975466962869823985515950108742921129564905517862839085047488378
377 306177357808968305106238347007529887666270288858062724820678956465471982568734332591748738407505754360284957102778019131081188580240745714
378 707005953320648638372205583667491064484660485646093486878517493116938338714508130179559287898774466624722962285876409386300742086516405992
379 1632574732527128017086062783621832017646379953518864273198197074803511343631884937559171139077793565284183876006783885376291329966515887680
380 3769841321374601070930109375850074596135348053083858180306871144387460360159480499337997609493116036456384607148909647518164269380155243617
381 8705086085918119836656389181768500000859353331821942760842512933261378800412249501308287012056493415893206960745235085811432359028046068994
382 20101250239257829437978844996693782193114983155172846957007766516055049892801457618251796968152848609781070815102714307986759322022468227792
383 46416572701664094925220054434026118733096837778396121990180795963227893343458749535901780322550113268188642059376418068732183090783213217328
384 107182299395543269627801753230801450340004119586369378043847346091598636321385559288206102650274725755549920619910770722565957452681632561846
385 247498784056152721316234378921581101822899857702625073383579302571791805696555552905803074806618135139267620548957114601951496721568919213443
386 571508994066432371977188999780948104286981195980752109105707273108368734615444536006117091646039502537718765842670195046032081741560659913886
387 1319693474634287707271544540169867341179739536119159033416746719208400015087913410654631923956551638837003166222544875778042966058448001460086
388 3047355133644452045958205009961117221931947308963614898233278024974020377684682220291579905722033919921464107540764015258472178775214020272218
389 7036765346682211775116028910367670573589312111100136553002075789744217689850397842720233059737710904569252316759363549108931997984118265646878
390 16248866434234533587575990354294749642105477110392428653329966941755734943321415702863539835166387436312408402984213021243289877074530638365504
391 37520884581163422663267829066805721299388251876845889183836871357269960000221132813388394204382550634320246748892478587110185664701677325735192
392 86640922642263554771960313803992350797381952985722022358455754502116024988901807848408285125353678394095612059324696370122962897131801013747172
393 200065898235012675632102795944869138619676167860230293211681623370854221165807405025045172611488462087214043625987613740478499102935793542167172
394 461979886823799078385483691371426350506611643419184168215665617798637607845242221639050275358200482567826103573662065985901124018599182063063290
395 1066775586007288561246601238865982800118153557886144350689897156185723622041116921663778486284853364258371397532783843607831616856599527704044002
396 2463332676072184506502129719071180107536483764409654933779017844932381178926513255475303183129555663002057577457747348009988544508097930175491397
397 5688176550530367368165894879199011661592392603307084366996175141562995120017383649618770596530676706388062559529063363770127236392939564031298050
398 13134787998507198287809287686672789845458627599279410510306894703899376935052720780090898783253491926284165393221356476440493768117752577060866692
399 30330045882567176182289282798378075025682792297148896579996548365390506090383748078773994542922908129808375567360035518886575492829897857043119004
400 70036279484920532795725473862534237027831309276757326359974506165060413416084399755603384855902179801831971061913556577082322852610797346301473714
401 161723475891910785172255510044912651532796148408866794475321355951654037263952557228755898450190364293112085798782757595938480978067778504658274614
402 373441919629565047231434781991603590658575010582524516682054418499069670797303209340410465212909797508938993405713011722293718609393482588265883102
403 862329148984053501174936878003152615604308307419540499044235506547505459200779363777944636188124168872333060418646932849785643514026128127586307552
404 1991237518072919921351890671109370497566117535098571844032553845132247515662414037945604118265561600735002894196868705963492884571876753265322800454
405 4598043401469807886681368365112927709755502484754363428294779958475072791449130360789203066975131824190061079291456405062328105096371737172345546452
406 10617519472142555432980727795137494349999737365365262246603117604891446097041653478756228982356240334533758859172364414956190779805064363484457127568
407 24517323978562397390818804189271446574303862189930435575973828248418510683775182717919733832268301629241735705458582186272995419065535749045808737904
408 56613899004085582869297391617320034951263766095727017592039459601001846804611633176740358006143748197264463081991957159139499708305190667468714946421
409 130729339109248879406199655767052023069859754625453705813069438879784292703724942324539865862384571830098648646064134426494441290916714826561935051232
410 301872162217756188454483176837981899891480562553181977728929351290979416945993212873337256352042990079240990318428740603015026235416037454679430297494
411 697064660029144443703174734363019788113300158847095191177852606605360767294279009158549992565292011990803204413435429009336014855294473082759924969054
412 1609618908520098137101269596676794338511189228832136419168488798648356237143511682749452949770965353487745554006589612364803330931834815828198247473486
413 3716833142218265692870712286509392373245600169379500582776823232668641927309949866586438899881767078810856368571328854129066700462774135191293782695960
414 8582682853666048710811884065127817535792147180672690659717507270712975377749132714333671312226118780634340710057015769430914954733895015317255582353680
415 19818604211716176073781576059520951764851326177503473438653283105403785614508774718084079461467135865590259068273112921288949930395252357070417209667588
416 45763903851216109204055356044053806777736280208551007778090378115689194781965699724563608656283906780396976483024518032681708806207269901721049866817051
417 105675196564309176843722093330911793980910523332660892193100097265383342582287214081159286479182988194781526080437145693353574330199707738834729310437980
418 244018674744432422306226388716536197379803803252841294810486781765287677454524311928298849891851304079328758876728259760458274489848676984219407042598074
419 563472939345730204520508703538814505623220198515774534557509645256646159047193863481099562845503465726739481377161269128264546152608178841466147151871296
420 1301137110540598622594562347716608538549921805259739264423599316382820343507175738059479415871822883646406190876873525545404897554331701592885882882995765
421 3004505917163822332226426767832249083552222915899879580645064579603756904484046384980120612890930502378422486363120688063565469618880943011845225087078652
422 6937820567212816625916881149279095284126859961816609560729547069212974044967483603899588688413108421065657032108707184954241067370230506589071534103954324
423 16020389225353178457908885285079220027622776888423735605970741135768526477060467416904560189102609437462485290179112175176733661544918941123110262798839018
424 36993299040439052661503567894649156863789670435382837284406165018914972123765828094788503319176233156684306018208451635626239243705036749788235832111676104
425 85422654508893774583861706628853680988881428556475723221988234658713906746849012142934082437885514751254346252427187241822314662387019503326492147296809792
426 197252748271223813860693317398695932601286737012012881580576574192920127131229118810912371169683425656168348888407705716045471207608416866751299702604949822
427 455483933673587933924756945820029712100840136628615977685412171312216115390610251211771768708343156703712662026157647816053292792096679147469535452376515694
428 1051775529887669203184030020627845364692948633013420301621160966019768898597375479566115391161827397724115412666124337234132220644425376176943913264907466285
429 2428695467584248182816241496545785206561662985873551096999778641037053939129711197273144096811835860682978753865883126161083243458360082582311431723604350872
430 5608194435645639013311039547252879959835137709254404120932665027507550407431097822498438881161154759092587406195929412619084289724674049273884205913412149274
431 12950098210250678629741007073820981261156484555186705837065298575350864572150289639856568425165141875986394761610601265960049875932522698171938921799349491566
432 29903571564710009454074134150468535635287898225132245718840581176743617451330191068586845092964293849078479278323430197761938564841133110736258268317754007826
433 69051491178492252526967617623410068037449951560524210628404453137916261947206416887280318231930632714270255713433236415969600673653012977198946576257158650050
434 159449463207276665870524153371001477007258659569794304693664140922388665284305025610557373324277181937095338859601160417402404469899587904244381458301015267690
435 368190909177753315056517462259739478162713160455469260808366064053840954753366633977480689691933639452027310488541827508843652874453462471163500799139365373442
436 850203838095793232352387380184940011888539502581325715466595425864659899399192643634730337986119952319720812761392217844593667423648464292304717486111462993278
437 1963238494744707672623682994052752711073256395147457791706192390094250315749782934126402998605386567706005350993170971582387449754065531852889535170669186785116
438 4533389776127072147761864546325131682191919925209498904022649599059126088675915144550601556242277166543738176975538949212959358049654842925021428700203872172710
439 10468225290664913803519124550311124965826871598303267643542054720764114505870424677282114693185997818254538666836947239099601357410004743059817483375989812881896
440 24172583022352688397243553605012767342804957786654399750166201248763841161495173122979227671964424366804260617296640922036050292562614448386721356211661134326246
441 55817844357400085761312347957793639291982838844029190624306633959004442766571150879183203834062736618337864831989274571247873192429550580596834395834944114049048
442 128891138602187326634365292820213714164961531399377155148212124253789818944229788320841714957191067287573742704533158803455889909510985113347502884906719608532420
443 297627502484620672340247486755358740081355620121268884573977583085018053720409129324631212179660477445287890707789730471469792118160023838480798887815128209927628
444 687263152423805304867711517406977383357437042008827387946481417525740392997029730237952672512658116169602303107518115416749174670507157893422986609337642078444243
445 1586985869035787172142527784698039159819902023556674475212785200803602073698825334246042220217702060297474487982131626714198145567517188197647276952096383323632642
446 3664570317260670325373096844100751499692610016781290519835823761276355484870173750462642094786608160135691968380710409849290037546739089627688640679380745983108494
447 8462000747559989070964302442180410456925078963808568240277132126755739033994756974813072033352957500259514830549846971564825400938485525624328288934555058710094456
448 19539932502982268008043895283789226485684958568403542181015178403758571136109537770829469835695858367729662715815597513870956253096740900256836354455950360324900492
449 45120412253709287390303662497646917782829107863821068012253213450913846875854738338416037056358662467959196572117977379253086371730717320688141908137785925173126828
450 104189285282022281430331496611011925253597919398084092598183795077835881507952711517736525620874746737863100231810929151327057951952455564885152606524144187359378742
451 240587499656238548959335510667826660636982177727539093583745067515627865068999135231348675233176947989862936811127129784600073327525178747293938602653259763499538832
452 555549880529107567620923638377980049769520205892295312150420201433028963995155043995790222075538562992999381079892811886824101022764108033488553760309243507421054112
453 1282841669649907852619225564573620602644689343070977825731469948495334417903595523951847040020680749699041718001075477172406570714202240722281485590527873268381535854
454 2962259208521131434029989565771968621307971294424549704164266813433375163486228488128797040056413988706610121797330510642738877025114829567850152068062299651137474340
455 6840267061844790110908981799422002903790116437242421690934814043221152175433334863119394128428552226703679715316554996566204997374703289027579267723524853723167962948
456 15795124661193194844332507705580765961280950023133867312749992199099508501430370975503096607359758969729326229557332148260373270298182114368911321062058119635537673867
457 36473131941627461121588631460872575114644736166934001649785413336470156898931411514047056964768194019893567989336550088704452744769950139995221819105985578552035479532
458 84221516586047171637843688552157725805604732717273762922502694830215561760778963781600735069743440956243388828884176258469501500518685995954545828893576913576929604304
459 194479154337665896824271952687406478419301078392005892958674840834710179466827343780966558445689075765359736724779667476750113571397267614377300809593425483178107673644
460 449079320879382011714015920252475806643309312203840264097596492701586846168284653572145342198651449495473989457210871519771856361200155748135723387066611726397946198879
461 1036986391309230050634839529413199981961924320521361483854859471789691037637488342762597020002308274189545635574435213778494985074495579002285183209074549754461547292646
462 2394545296930661445585028443980402092743129675217251756853566942958206370286365911519077545209126655389678073454174221472318822799268131452773723268256348271655504904734
463 5529336958620619393030362965199106770329376710960397049558300611512321713222292160201510291640103996590025499373401651632335100488679416262523625531566754879610000815006
464 12768005366679533017304183912190100270131297135792006909640391816903489996775702427144116034076633999418004047806315489725184658031283084303616616803376477464137255265190
465 29483093952050584453802597904027458330083727425099426221841316456724358693724900301823770598561056059339167460272046470684511708024858263907169787593888687388247779421412
466 68080550095468903258122669259100553451304732411325081146242307024623287371328184185787519517487640494537758115789295703783860637282449700465350015640191774040832819760140
467 157207425680617342041569448486686387472605016501274851544986781635098109208305252007317048463223131558215333782360077931939557382127681908857660530944056423076849916456116
468 363013733797249022450307109176457784122104635222819190332873927678681221988864071578630734770873322844181928673635127905796563641708631019624454110983014541610140610313680
469 838249022620230281307991821242251942400933722370930077814503266997600932471699463375281283739091183002070569577703990685439135616925413758529971753591586836716310979992656
470 1935633168953940610440168554931229668131726036027110078839071089764855353153839911338982211865699038926081804073367975686526186671876712485288136767642936843222698394457802
471 4469645252962150266676568377894708881490932171546346294262252096657087691947923093110409863969464456213762458978701523632372846249410302531788431104308883289454678569382296
472 10321030352111342955032503438458090638139236263842232948058787412399449566281576987900106210296265582092651071576821787051697055847371388308292531744165812704180232782599067
473 23832689508995727201406986095573330060548022162041318451471333418009588255492696210613684577247312655178885050778619232606859883206354115560659690404448791693259752749533446
474 55032983128084832663503590812389726957253361757978107034754029031083448312470762152852092107921420659323257772686226340529817306550628066614876467609332409261520205312735672
475 127078785247166660241719932335685619561510557684211476729184232317190641929197520788705663539671821770602884457278380848028153175894903422056956547544571379013747654165362134
476 293442527407790448025688574783253059990495826455909804537139418739388261168336053157299098388100492991003642825748083708500095233577712903024027480944234005943926145956845733
477 677599464961770381581444710666514498794635439468376111927757180087809111480096868752735908615669286052684614278471679583898852203720806263043799487445347256249296064494291634
478 1564671075363318310679227407500820294027616704079873312078522033735185899855838880038071118192113507913024971356895925062758840108499925734819704399223981097446085814287230528
479 3613042365989365354043113468250264229685110395420701639002427264330632309412479434503650830073511467947797193685365873520595808828762544699959917096927591488368171608370190636
480 8343015566644165631794001391370545244836051529721874352089079601720118293625070471443407620306652966694202865988578745321387887769524563293902144116721110995478861771258764142
481 19265179229695129044910257573411091004881043737105765548046419565949352370846288659933798050493160601811790199032209111364752821108812033684340970406801711784409029989075953729
482 44485968866718074330804249239808754098077032834571776796563220936829197884835885902901263019164630053167980709472418577660127799977737068778539215096967557183247464706891011704
483 102724267571837557006174773892339090198980168624745484043245340660889093323985640841182830549088968110089497867469768442377544304901231751979900322405393291628174108297078711390
484 237204570721738331998263157303663475229310070285384157619990318409067210055125215971264707249374477278279813889349376101136517531726606494336420522071734373303977358472910431773
485 547738228767958707280704558959200795085020325939241521075567071532466898139283703753590275621018528342853229318684683466636208163279802982244673662266140352887566500510238317842
486 1264803483090580891441420840719139282622945957470334911926588242834279645118474911128526265640750071099662913043034982862908112067574411851336149550860336809007028584632712467604
487 2920606535783294138252474628047277932803384236794828008660016115469559119304893466970308482366068171343945776416851954278934596805101119935096183133343537747806868710762800811718
488 6744085267710485050998331579940709359946385727840957526608664707767076219829283599875423487952290075455091666505961729681765173792094793077534497538824640225036407123553527279662
489 15573027568381902429068638527351440030628797853337802700298354477416114598069960715706068456924631870175052141256921038152198957068533139059124543581019370379164731042392069551416
490 35960278973150401020328173249629303517745546391240678024121090436475976048334413711307970371635380664812113239156442211558219488904855154367841134433708534356648926716987784879142
491 83037268003832684518932670092398194695376744756012825817025238099683240890993135266970145948776752228899320906355775851233290288020536514684470591144277304048616702615634363062716
492 191744560232377503297560122143120449913984878888169052412641156860392735620020803153219956101675380658512307485499002634464959813731402969042365110596466629383524514388071683404147
493 442764764093766507883022822692783633230514021905723028589977460686894430735599979124980270506758823938084111205857180649481564265197752771280114252259215297513685304035053276794708
494 1022405204535788335732684422741522658232437295867651470771349945694581850903388714696199516344053295005561066274649305787136397495804449196019837724382462966414074599746989353103976
495 2360875315815547028866570031576246650039170402162028773776301093576515829649267658662201691610713865030342510932064776562869290823453750609458708511040138360850030350096307625696784
496 5451588305790999766420347499657964827315708252188746873863002617989929644628808562915182421418611893194533031595437085342953392781852708065861001150042587469521017024119537944647144
497 12588472951851204163878534542331372863296711840018496838791086108788881920181261616780504650828380093517358788008017594152893709540800223476121366996081214384643949128616145058854976
498 29068528724216670311499798237655762145633476804333076883239794253505769878934755900523510644256769962183560844639087675671141314051079246079346362866496647884683258686242760611748878
499 67123261528424762694386931484655391801949843067885784211403996726767487542266127090557980373113331067811483861560259556986344967710761921463105884942684347818514395918965922280179972
500 154996913705501670303781347618321016670180389201356996888794477157980707033949369422557972680919692417952228357729198675077174546712525183691062621842914123105858614291764925629846032
501 357909355284490206640654873963846292613831822835681139343023157962749183099521397185107039678713525665133668317289433691691405415349628421985377658864206442012438090337985744494456114
502 826462305201451986616944992301504768397539898003369888147675907627985084782941819570998367847220108756505669969402715644146990605249278746318169479787632197337014746973681450063176090
503 1908416004873558859254489575462591323316641506362369002374199889960595345718222681384416878834846815950719777334327993923303974485988589164776761524638457551115886398526723486446755868
504 4406797048983132281516778021519682733648169880853821287687519260044409055677642599737692744405202202583652261085402560796718381858402903207660765987250576567301022075639683570768171720
505 10175905138781885362984847182247154627112782710729426214392846331570625415093247916568930078141352944860195127365145776527777424472123216491771433368109658535101791493187629325486868100
506 23497575278031355533497929632573491783919311970389257272947938925450429213437385348825091189947240153069493472959671749259753545182963127035236981418014796910874196788192791382918440764
507 54259157924190732949489084455394687512144535939063648830864881801039564927183367811441296893835190505384252011834014313562471067840988971661351174935780989101388100821360645244593241724
508 125291915604362955554420379847275705058215478996905016676341444181863742588400470476589275286683298264629040850732087369523921880231182691924761842053561671004509630430254814827883717473
509 289316397754341737806763304398040457158420166537789665464765905262951519391946677235570132570669510737064810001108494207347561167796841689579871816387719347562154019600643415962631312282
510 668071659737906585158555902353030420627044139924753318861440852139725661262301636597245094430832848378428555010039793030705943270205939958741123814068191330626709167986236824128778662100
511 1542670052611158524358217663659109142980536627997331376122767468141442685633897135954023686197964670658416141583504953605539021419079374361307400089462477808277649585413450376324360438980
512 3562238955259610895248264506090361485883941181916076368222349286900918523406734369457366935478682570894827633929721436712215772110406216138728534785693064072484360555631069285511206953438
513 8225703450255269058008959341482506901987761605618505497466107867818937746862470479628190768832025102541643984053989128698620782774262816306359960483616740064239366885918870972709086841708
514 18994289294276249133337174737434754607320355385600886732724997768065847167353010844088638271776235653837736077934138019840724553474368808456198517709342781356330143244822548351581734707056
515 43860446462297533409794803897522612259715485282976267528806164418377709153858476981708549562874396132457902375173669245574600040056376892106262705284705393570895418472546443035554696129044
516 101279849646797200304690907489819060371754813083268821197815085716912642686099618652453566760704695662829732195321891238436605456610689887422245557552700369337168320364378237350815434792908
517 233869209546129290742650196796415130931704049488233661055517273318456994632539519381879712213948764758816427135318094907371012911747545871195392233105974108094075186500238880601880048782002
518 540036417554663700542789472257388386284925828627619772955000326521307675376427346501562289810747597950913495391224734605651733833304320870863299742339751801608235186400762614493923816680654
519 1247018933579415828662795035631391261544566119153985326809815763515623445887234336272205532991028003869100015099593295181923755240036923257874493528124944507060857183843642873934074518029454
520 2879539546142065907488677590941507244840937900522411656066302564538523285568999807542962445143518793971768741486559699770870966932040374041088049104315142992952949400554725013466127056755706
521 6649255897018021295722026317961313456661937434235524799494519625494509742476064867976078904282313649821753964705649371441905982732423069828952631556960631036000716815102240045610069335550574
522 15354053408734690630139147991539198704605274334049029866494088088469797020026095251623682063011578089955448636371018204463717888891076712311253390838971767113222531214938107516076381935265482
523 35454637290166911184564957053338519866494112074226199824492599735269810286164240515702474594538131333179434513023713731780126414365328914208078667173611837600238863710554272153791278333666180
524 81869671279258924845298663111855137599415397780940654037143591990634384734712402083850163388907267576115653631639745225630478884001290626754192547402120676518863447006578264833311004427904104
525 189048417574217958794545000769333737900151622743653130631907333337304141041355431675281428516302637586829601349685888647170550310424755349030562907916104581435436043381185418504303424098710040
526 436538997028685636376997373424803618327891808776989792741929298544443849533411506352753036854261298059031823941721128310647489623519600938404477627069682399710518205749112026028203468913912948
527 1008029045532724169459989854051406061234078134973739878175888967343562386733897331541712077685954418743204738365494904940747040863731931548548323545046809445035956805875734316103858529403354180
528 2327678772237715912466971902302617053591409517094174766069145700521870901683519693825243074187063135080795469056168979993984576254789183243572693974073796375116128987076157988260908564280385323
529 5374932885850252353562598004376188121113622258094018515419831485887342843147444830712204745193847881691882101877470512361589967144487729760689542052542621408944340460876373722175817135655318428
530 12411464963278068327183223965060809900301294446132672334123675111178371642218142560089112345663631048488449772009549896400258522468299119683634065299945968400750585886410513676023351312224158782
531 28659792746474639140369507116761696766490885752936350084166094528251153732506423746876520241418857628531906468537616621252578255889740559789472720410955389065825118175353184137084124228193756994
532 66179433507737964431866763706383154330761055268413525359774075896453880602291963545471566020571020095130201401349954557740142793820615835351103860457781463792196133208756461387164653862603184042
533 152817483997467051882290361943568663329167885699902522867153603543710227147903023226083051637242726293923045437037777528251721694001717573819522206290333642771362039843686287192262981494899419221
534 352876750034216457028255834621226427882497917766894517384944040028444676867132556804474897405710913428694873750577751777626350438573846900408145625550558385509670598772530264400121875229259998044
535 814841322193047198053220348359486464472080065488707811474529510737305450072135002037791640150929813689261577912301202883900667880321257401131202382258157783947014930190256965946796275976832662580
536 1881581544516413444961522421988223586020920462916162788568253641777823806921308187540916273455385396628192920707198803091794860118167350834413528329745387333529764369447918763989180288331395482093
537 4344832560941250594299999715214598727371601322358768711679231959194315641672293913053306321708287079722614823405597723385938464240276641649845224307315049258772328408023939396204231140895807343736
538 10032820548028410421879558079922644652419794587773274087099868107160849964164070285727265796016411310265826093537804458693526066606420088793764792508192829501846030977838585418314004530229400811508
539 23167173127411606894787864347555360352912105091659013537722937349356367337532245571779757586727260842461843060097744654974579930927115955919093209177343606745984683535417862893532658598288069588462
540 53496213566875276329960946257484151724496904989969111772424044544922910479852390387388527187027242684174988364590663056406271960666081325469505439416607983475319174429285568567700400564446189885166
541 123530171344322103708636380667764550466210096560527741574043821474792711453813183563725644224702322876673113460413231936449590985216592157192331257546906630658426630449107056275739877550080969328748
542 285248286091902931857581272240254122637122590441766383039247965504044820599246029084170347682388540599068083204964774228028048635905792097599528605952190884586445823537488768206567932088965439315346
543 658677826096191260370504393915022776278937165052949860818395548165852647730700574220078750960075214855946885814029068738037473795088457627397287457192779208466832029946776921342105684477033525104784
544 1520978388809747320647193561486244738844358112576257688871532548594127296163207898695854589322553281212469030123883916056961632956583035437770071653695906225393837577465016502806555065602711162748146
545 3512149897222222216301422691352157878638833635270386454257720130258233433699835224224465589339771491706744279269650308961079499335296012483604852995601058867588865917487731091771275732284367476765558
546 8110040873237563852744465345125907040845734340054091099655824343522365493615816631763058325347391878933593691541760700795402815386970979951985534962905587832818945413514943551292749583494545828366866
547 18727208373880605327274293368897475056460151318198766126005980378326508269017995744429172362556198240681151968814874033849562647623034780720144154618200713785463818771667898645112450932304268880998410
548 43243719601469722631165840121470220126543606356724310812314998897253553949358538150163024404180437443108738861030721011163516446804762766685610774020990211766711582144695751246187436029646267594239998
549 99855741850916137530026742382522363111781441730550108149267295703339437894167917758123032241094313176497066964219049528612471526861387271815490820775965965299872883839720577411188905482721923577567324
550 230580747273597502128762207427338825763065116231141711644109211169788943467203292539962502772385951324452878078192025028927449319790762085928021085545416135457547165521517986725715031658296952122273836
551 532442902408449244180654060060602861291547260467147207280727872742997749923817566894984172403349010561692204047272807582524778755011727284241107524490869431011677375383436058864396978802957960463659638
552 1229484454696252372876131564880728599249782585593941750168356727632763161329169750564935909953343237426103070646650259101035755488003765269132422344660254005892969531260838524429453138461538707583099737
553 2839050004239014580920996500074917905361213755210641565448713185228645706334345520123192952758227832310763017117347081664496334670176320936647985973771850639142910317295747815768744580000404601622602228
554 6555759933183413232821188368345076848245670767981735118403856521505483130046240788916282030554374907424576187959329495891628362648865821976535582219607344334426547379569098048492830882466164137833619820
555 15138158270323564959639517079734882915072675744642482705215026133800066083711564130040513549813256471189424454328405433806883701575897277962538689278746051365237188436525718221632570715991660205459849638
556 34956105493949351992526551742840745215584510999237152966894740436893793594280827031424289292704143040897919831706418807469937078517962030226784324905118981320758909146339633834954510953856988967276319851
557 80718492268610585358765798817575891723375968003961629769781508156182013510683468186141736180456883154419619569683720998114382219781244769289173244971317644281039964997818805385288918646327935356072452492
558 186390185692897861537255446227322847993944493939626287683267990810743089358468996864515809886009947314025227772935223911075131949952777693962275697715111518799545988878937240513348513120203533857940078992
559 430400771201507872382861681525995684796767547051735819514404893116791845592682713013318902782457264046619451225971473194187814296345007483423854015468594167467197899116072978586835307123185535266875249420
560 993855031380609995055508967082764329592533613566197257509981036566589335430967246426413429486541472335616191022681680851164268088884863033603997496660628717326503176238800259670708274260312183852514195413
561 2294949009136656462811459863920944655971281844340891080565566461784152167899869936182437441722581487089792462162853738369686679529827466052059868860123059816004351603912051762083411733905674948470467490220
562 5299355326723031604920705140547586933308964194020584444040774558409594074904449919101302189123820397620212469195771916366168632982328981324388629716526027121131739006204027234810097166280514489971754025540
563 12236945904707685514583028360833376515717514053953339597957999074617667102807895552842430664274655788568627595429246154343132006295629417535429500168078084524153595910931866249426337393881700090522638790040
564 28256804053058063151676688280780466361953827461961405947673714603701356925162443638492522545130709438912283744895466547425067442086944354178584484188344667803479948255350024812466355516183403787528396923892
565 65248876763093918150592508191204893647785216946575124384439875836272785861449702241986571931175114396641312737820704764252797378988322792023687086008350022490792485142309406715566009344796859505807171242224
566 150668699505125494465428610703979074294795283531936054513398365471982563441250787564751273929369391790862835781607248043915727855717157851976357452516766479283992392909739415347022358738687864037643416267734
567 347914908834200491906269452649217524288087815437283729642299084974015408420969828708831962845874228169898818822738639949013813673583614213195659452746810343095493106342292493330746920741382227021663493546278
568 803383743184113038400745812862072440015400458556178153753021544154801365840105231941681041697912866923248737608271831290355589003425589528496055527314438800530222611540265869293088830910912572744558310535990
569 1855124406640750215618369966735819993444853531693641617152947828042553166621600539327591776226366606552248657112646839677855820372099422749863097775451216983586069351928104877044522217848992193377812040962984
570 4283739362803490651284857253359243637943703132147145018686863148326883761345346786811545393693992317517348246470590783063173332036663246303871145338706739280540410625320751102266983459296540429239427704155284
571 9891747886418522226803312025395412332631526763709980425852535224955498084175748955784342455750446590762774844112173124805896030872537155045736948653870142922507381228732773054356211158755315963708714529950610
572 22841416800024360781758051243327028198207637979027632839114750977513793120421841554729068040046449335834111969153963728974882484163684270698636787276757165144950265918481289634427487079742912394406673170784211
573 52743997059283782724551010057975838904614759792330706587444242606377532792578559974051327677401256137824652196702664859102346355894196164070501486183802620366232035781131101242905090791330698784737905652706160
574 121793199176102304753467114223735566085746784426558332668936152448249350132066196814773027720389598012464746192213558959332054934669677997035290084278883042535974769569496716254910842970526923774677532045542864
575 281237376622725645833837078620031105071945467247823281769942873955085952295752386454478452003511643688404725474510639609014188963117879205010561667859354970566518794535917465097569479716897988634894031290187956
576 649416080246559260807600103924980416586372377736331353209155232805391538597090434694066382620348722898371202052604896496561486740637898545524732627435186934632954286876044968809911743596490372266859182829172545
577 1499591734026743537404653317785172596243858420453656347844262196150488310884328469000405574558891145856409706152764561592340540223950795598184001157991267706548012053231968716664669003796680687834886853322382012
578 3462765147280551963229456339468185432308363258848750193686149135234317025137242515067008174437757047004193742999943342105467018374993462705952324509927090354158358599169827194940405643332872407906269432659203940
579 7996004641225277172843561182036046107591459462802111009647195347968681963150717586005121964498516001835969737353961977524000724982455623656590818912558232266021404889327715114127620564031557724834568961989755084
580 18463882909503043730700866183736312063372675206580438992861295991052845215331432430002352192896325491479459473262733163125123188004287729581488751011202700313678970162189001924043087364384773622553803425404478289
581 42635664609068820746742534977481604381205189456654685867261761837878268928316274405616951278611486714401743449169930292908936429511259985794329349659137202343040770388337943367937940642964123929427971772631738888
582 98451658601095934289491692439155899335613427530025054166992342767104615108935885765433026641739557347389942120555392351579504416712739408530516716480663648854021946539871693515433015602964280868337496986624841940
583 227338524453188768398849516238891090801662593394212489122591606646802457543538781475608532340292134875665957015088771726784103436617766870238839592676146501790603828618812074514816829625197320626964413819149054660
584 524956160565666591531458707326984521918682958152727721835670733166918470952941396569165468102137774994336200395107553340562795851503082281034228668034084129865478079179464468573967488973116600874169549043902965779
585 1212196530168780682400824894970215556502060864113831433164599002549555479424057196296477820129840867920251387400931141563690925499698038161888040238662959131343261016333435356671377621296336968122952771074630089350
586 2799129790514044843761553627438022086792803947150545571420355510676576630494248988958115546940387681014767522335165879292559791470307833989098526495519283850571425932371737235456242049782206988108100187780072136092
587 6463578627017083904688815319819504935046213995602965154637236223855817700301983631251084858122458684856546181868063236034435018799349882517094067429524981401295034215070319968618457585389227731447028010948947129878
588 14925298858671279594907524041491278614165121537328589663626307929918605099927501823977475387148458799854054294152115341373434851060762912545135375562582506093639204882915780294674901477356886488894665984904500274422
589 34464583611549437046158971653228678648100726326765889171305136781672940300342554559610470952924630654187960747835896663178051242911322981497524478594106583573912247839175371245113520824369224886546864149694896449534
590 79583500120494488903837997753858483533511196275548769614276694802985791691974330681431487442156553874541615732458689186467586328276133337783180214159146350196168798879384757009676043981316369523203450671997674675706
591 183769331520555902043880387536770949153809680967948573200242087680161921056374218730434523518749845544691978501161861873806582809679753108897385486714650899577740787803321600740903564138583662058574589422276119980484
592 424348855684661802028529490613927132069975871688716235440409073267218264755743724975514179902046476926043391764141640685404238200281550747925579582575224835893759193918437270460301975087040927079967177698092200700333
593 979880319697085066168555105369539427416926379805859787446636286624173939536710267254156536903306362158179930785479734121235611146199257390234054340527182539094977492965383276578482065101828297006419902113724594061394
594 2262679463057562478660985451324338805306979579327704211185834302112442501077165703127919395837385080885045884056487467163469130044458952489623280045915553077996966968527878492128184213505295896722287057737411212445558
595 5224840472482538940690626424714534565386264711634102284717142394756761184998723052816794141718930193124934942447822393420911085975537785446145087612981605699698098287336610526021087373943200904938120812584099386611580
596 12064880779004567433560891005164267392189528710229892493032436235833832453697600999671072415088042345994796911863928361971196817090315705288309787309978201465075052257443219788735653549811818731024929639953825763151072
597 27859481830730730312901650507717074823603443244328714443025571429608793770298912718365778890614884933107923563664823906529570730083540114158095752706696374107891285184853113015477886957725794246694698392217654092754876
598 64331404685530034712793203792914746903675810744272149287459216997931644103339844625461939428447758239551248991642377403930345708263021693989676210227305098676544898244782868493475194885701713558922651455751250687949214
599 148550129322519622108687662013899934649861676422086890095856069654376222858793053960020098029304029107576684235735124960706055504627807686293003570042589777181196576197872297168288400572629298462368613579711865885605258
600 343022836662866038456072969767334327464998741258491718227890065862838848875973816274746378425992398048626619523249726964240427527850602909137886867705590101071300514061311030040338347762102358966631884072302145740967571
601 792087270531926539551554397845677026755820699087679921507622072175936880424408797477615780267924416019411152183247842694628201707971771796186776996381140373745773270297201989086541711741821484102502028225868157184800440
602 1829039285671083880600603558752343839686329994372007007363562661206657819027086836684968583151108194813692035448895581733871089090633445497526363646337891002730684387605045818192573362117092908451368202026420328490716004
603 4223505203260739539721918034375626608459059222652327636747981624753030422392452806146621648475006074743305470036970417318727581010871441884363956108143384466703430470998787374586447034013330222475363153281665030923813690
604 9752658863981529329338641580108603595703282693724094741159744864936958903052947016431333622482000886156330154750661551792790178962359716758499861599146673282519277712733622972737466303011946963174036207217210685970540746
605 22520240970406489382286391021272740492780505441427410458778801184696521982156840032633392494131184743894326259297841784180214647033811531191032593566103118208256236175223586496494830552590410860455864533199256665106166564
606 52002357555868216514075112812622320988453100182546289375164881408121523681163473131836545574064882284868114696278142582507385388353101191599028682652300882749490172251831957037058252891023197726941015380399946055343578934
607 120080650776426957551656942984253448163468728447927392901413087023186260033101025284514033387795219688103559885926891371672120050326626129058543568232158592931621817276895380945087960988973308871331176994635432974294565492
608 277282865020088924716618405089837756516656119192187318410365492597284984270881048034202185926135715087204474904262947116237053434776345123791175219474498750117203459018670813246963777508186058864345176969179109331877531455
609 640284564887137582268112195428179796638867085392642520277510015619616008494134117088145483062202671411549157698403215272351937615908773791127956471879768528441232459252701283517394599941575716622784374125866497240476443510
610 1478505799494712755615046011872329669271788110065041712223548722894922963815069934986379145950231275639026161255715157272749367326443170255596337232271009597603228270654370111924026612205098478579221026969530985448811019068
611 3414074802076199500071983769070231716758093849757357887840792763063459896224038545795064148616916564657528226869852486439884421767804113063334457290661408492135073570815553971441774539135879647474532347246234823337467050648
612 7883571885991322526046614300320838460382003727832466789151617942107168674817116771547096531616453070684820072462690411795021649272688974195811445200230432914494731476322592879495444979726719318707370259549373568458181169488
613 18204260095237837878562618225646741477423476305206363468606702878093920654611738463547228236651570674891418046003946787117280119080072676751212161690795108230584541232043025381207617240551169586693841821779346673016531224594
614 42036159548939959004292982831877786118085711153350887094562194500102646451794665528449199688879743297357943485674532013833426693573910932131325902516614229308051330748618758061538526380826144602254950621080780563881736574254
615 97067318329855460823200594914873827708157991338522078042809869123287932571533294842410148643068328702271062043994635320037440326883890938802338414298213655861231938496459282082087920635133115316542598565623418974407308607546
616 224141890906565785968551508564865620474700357147455686974971860501018362847068815681321527837489852068242900026012233014128441693749492642547843002115702949573599107455848590364499019681756132277768719267834418442243126094440
617 517574690674424527436484334140412203723194861158683382822760301819422905249995545990314402300858556782233936126819113855534408804155821421072580612487909829867757626385877534663364906669218417381485137112015195467987293107342
618 1195151693167406582587320606311024926070848828938031087635520632793842759787206365517425464457295032409496558103631084253129826975108895774159043018531148056811211378358159569507465809153814988734111304489245778819780342958380
619 2759770899577144287030166120668097206518819032586419492052369621493875696801299280840229596161871412038738525924157619504834081903844083768636060669854686302678679199553953378400872282199956482178119343209006809386482644639800
620 6372693492964000995260647684309902444106506609287575370392253875374192341533840970510329140998622862698474636046964111578185560522860965850300421569871188892730349971874021507359546973017667726615476035108656251597560146642865
621 14715432488069290280178473809035088059447423941935652808805979954160918514650392610114436176207254598711421643676276165076277644095553045648421778439169090852272760401053932124549677428711358121275832983966269658432592470504312
622 33979973075750183147225729584473532311620920167401681417210233155487868699473503814677329484279471808380554679294872402115392199276483600665430365409264042745202827250635797669656700999395050104206648882940113541227217593182644
623 78464467229545862396488945775047515498124621515175344766928267160341854927878494861045768550998049654751388353354576141263861420880252102787035105144155592925605285072079219632284588444860024128576681841469743675000963445622566
624 181185329484860233721033203569850988617284596542749829930669589961129044560792660226384670635147336135701984155929245137058337487568381678121644514565375408113322567300632834198754324130627971628620063952388053862562361491353761
625 418382036858792371643369688705187840152284170153351248694154049541863511332520059518350961332291987226007039963821888230412017431161315012253592957216458952231896552735393478300312130615672224793940678563601213611362095279345324
626 966102108066859015503885252899095573233197877431915653171680228992814361942763769699191766990195619072312739893827864313339760355767561831845396664676007557234358125724875053888061557087682483513849642002787469704740285452867508
627 2230863662835132433409470174042880454827703895057890071089496720957007985289052985067534822280620495829071571748636572659411821814686629534032227440564682173086921531027002207398000499981073763134977653143324960399287261397870824
628 5151373380311232784618413482740780603679901312536653734524748777932659965617151253517566792963417026708849575641381174078238444880650786019786452690049020754508875722881800296850465511084181272506283194387922820523409709730546589
629 11895235081132035734484302078220993482650093140978218305135324085269967430807352625777875002727039892268593272716370593905330311698993244675497287812043656780564803697252808230769067043246246616791639835963299509125641291871407140
630 27467746402580782362647599442501779099064903687262509406606493992569010049298504641547138678973614453097896037721264632588860103752180016856130845484963622204593120348582030836391793195745597491923625909541454899468977455173037570
631 63426833290014144814932071207197122497836155286430788277289951605363145037433963195511245139976824614638238248577042328365136236992694677065114819113342123065965002911704113599657074510991830658691085552649281120451562071338143388
632 146461348602711057520677074403435080797711451052313554322589316541068614782792766787998764253989184391867875773232018898933387056105459365053458070094365624619684019722292373738845144807818986060618793042111920022337152547501519988
633 338199552489751431371647253828618023544884332890137843942234545742306613909985634468793750618786289782694431009838933182231411688540498016266137599539377944648431984952222132944760194866241913420453521292534043383493840352338497398
634 780949638901187437315069542344639447472839720116832630427662951027986217466188476467054700550250183516257479265112157520217568740059862305477341718762479845643976809894620004409523356719013712210638547929575036894553550164464036914
635 1803320950634245765941286044938285134728233964635190275189055612131896573578441512965879123619207000836529583688654304704264544415142176802340920642557618080808057159594907947468109767802059973117385341915715674859022805416505154534
636 4164118003270972798246422306512523205923820008530221367939631300413882947636629958715970425900218691911275583399580145552209601553005644519057595529096249924152418412948354295435611119189056953232975777918215176887666718022502116507
637 9615525588535322584838396746619487630815487961623652568221392750179907550432236585613437909452507734576106905257236862844674133447291584470608255760528546502048471573642698687096333994605482062412440692564856150687752980175157091442
638 22203581231643832268110704336540110875337629818445572858818980591089906364188504198336365708406698123204269289531396032419288700589899375252268964094986672345350379082877421122102150805201489284401524460311559877247063854657337516566
639 51271146332137412529293871924837931846049455193271522334745444088498026695661531877338423282988831527924606741945368981797208963741124820428208167117114360532558670921853222389063890088584489406418130945385339126544823483768341638428
640 118392182719833739170717116713438214426964233309428557474891719630913573608631459535852771334568545152917843156223298951430374805506588797404054364089484110520563267952778653434903548166741687984343314400949013891910318101924847466888
641 273383958267003786254780722070391364723014006753083537884539661269868500788754960928474935786713215306037192768700825911904145963155247217040924531038079953954824423649825328313741534131190033467513718576411284016975790645471340345916
642 631281448831791799092194286346334330421565874680406243906552314307002409426013540158755588084019625605922598433916845031078323351188606765307882935310157014504730720312242068482384283328003918807179368630732009606949907992696188166276
643 1457716356751080401303961783725776693509254292596982232023559788776944410121490368671935510424796765265077681187391148054447114173227373020083655168003054531619805064597815218213095110461902768856132543487988411332433540581038217475610
644 3366069097503043424439560233153681646434083842467305151159076598705015941480790201037431317486801478887007425240620364078302380550035819994716733032419965543147560455789870665503311490963043035439585497225366322806947164588846246656309
645 7772720060861425607567248406579229431878208645270226413767246634327044528893618371646800425355375871392802215104656221504461375780216370312378609888502820777765402923359316473216253165177453265960130926910054947434932859040700240422171
646 17948287867689269721852031918120949810697044008277312152169395516877091916595675197200018093594780293849228133507356164458525893063378126513533260203635042994519868877455856009655530202468995946471233159148932156033116098831200820178276
647 41445084199486785019229291578745853190132917728785079405029612681288821446867725089701450824115842165073979908398122869533591607104717780440360708085884217979856632464933708120197337082123378853992304421633157657076100562479287791942916
648 95702443428866828039269811007154353782625513785947769911889176102697717360414974667862025439164934388949201156439253988454818212459236897194189206536281201123001918235120709116326719175255232460845924109584939669224792109524782679064359
649 220990205597624796189486274510288311482643681250734759641797008537556161238448238987289346847686855013821294870696906387700259341210216120368196584847258862478503758734212219010020078041832380137449546276660241432428389996377736357763078
650 510297012493516144589340019073487035045283947186016157884336128676851126852889780712957407348488130098550315298783149572111993327529300893981862206199235267413407096556663616194673468617161783406429327081360638701686437147832782618320548
651 1178346525610031765664338108614888278707767613646023368465458778767325864773940045766888228876658448769638597219740109614081362979744507039179197226437637260951926160055232021496605878589827272148493877905130522248526553345511785764538468
652 2720965438603024536174054198122149732388483016962695138535047184212475752438181314973240314614463828657394392698161903573725767897017206383542602120347925897574915942458671035658211907572941513977684758326108074781765077557469569801731228
653 6283086305396680703965451262066951947147153770501548260166807624601933612359455400321382790098979003487358991530818236169829976267821468672742399347267711370809307211629723391973920975311629553049829579445404703406037152542095628422477212
654 14508517073017786506597159681967539427803825727041033048175461135997218154489166550339117218174589327643444133773291537615215464664391217837401631844987808798233650002736748713820151030974829099146828225402765681833905033680634826538288954
655 33502176705299758246506356466323860947915438585889640264766732174091295842745118325022360210416999338071301144828907187298019642223437049363436157516170487897411328292882104679245002915002852866177531738450671414632444650411759828049116600
656 77361169190785552282017690115335426657901509352845957702032462135282774156457396910066914129919186224215157626825053033503161443611680616097625887868442773822788291807202682572100720996246107523627978543200642114937789332962631329542902643
657 178637661403612957570417545153170061972096431748262441211406574170927964125830302101182885007328407153482898204377852930011863388404542444427609330978735330194868498430809602010122321324952643462584425705259574035494269545039785374954241594
658 412499118169388035830413979899180852255912128691230185608039555195778915265045225480552485138825642516742593130364472734673777392896055626969448047387126317479811344884867596033909681412112380589415421484306406011595062427442707415229947176
659 952517633479730209866326874253328967731792308728049099977272219989763036964055501356467116653148329220575753097230978161941734512606931729340253813632301613025254965895259767458258249732410850105740981613009578804743074018644763656684494590
660 2199495228295875969973997617465157642177311732150502270474681051684564421330551479591571846361889001751768014685938637707935816681190014339312805323480556594939138827333097670732384367892876803680121103490067699610752035056321188997659356783
661 5078939317504274409036831061906039151764233557229567266308329643118943955304081352108176939848328563210916802843215269602157151032468194414725206688343571039130060442708609578050849723760635639953806542870293789192633463810608198368992831284
662 11727974791232763164374507764221153809549378760429403367000661368966832871887358578530877157630189742464641146679901142630094240708948111627036607749648879817658457268376900212889444455808828163389939446413114526092536160084815355581857016368
663 27081519212042725343847021052762550421347990241288453840144774393360733837523855543627944960872870722235012257247576627982915325751714978089269612258549456428378640816987746120412772494684913839217006130320219906105388019098397364106717173552
664 62534981178549106866105239710981457203660661189537458464661849767188715854242277065200825839830600106802355717445506581062627789555462168685303209714419458115979432859723189419135289223750134984701981971707963758817009980602204017521987924451
665 144401938472583848199073015076339165598762025417712238943339461973192900531985654409755602669607523743515719849280695579749611902405211577801618028988426714455965797134886076179184409661268637070437361556422319308550791635446282277738826419298
666 333444089078778916130563599134233313614906411185189022087313273992973146885498454260582289049901384121968807015585615433604255698424267761911859108145131868223149858631678269315283416478917143050124215643807858212831572964840091592557920065628
667 769968614809739727108343411476925350160766054108545263917021128995289879654404011735761792762838547727635793602419801360011156560266372168522037067681590311945602689763710633326595393547923865311299275295246951062624422960777067198552098487674
668 1777964244110391926457163147537030950852213066492507560680854418115207519853605024826393755252990616300252272121137665097273262363860585386179017119967523531520703602711354611205918577258292282384824488810899864853521970559493145854287647752836
669 4105565853636986764498256671802418593655899721265720692696511392975940810416660879692971885881692641394503609247637288070914303660262710035135878072858879819133018131561539935884980015824003975751303940769905088954824450658269003921142155717922
670 9480320560093023432938970787801407210011932158294611021963598209777484753507783479867238839208030095807531204640390459575234955816706151456758792711209299739576779267379232593599390355774365512380258108287108393884941840586195199788419479453614
671 21891374082455372073290338111611039120125006957197247182486212075761847092742151084067468110438692633382204144122525593785533093100760073668273173583821762437711109568637177886615580953418406207452578318054012377747203657649085315315621041039916
672 50550216754832647645371727367072689871160790792834437952227286326636610875295862217405665507325914054386787661095890216049375951657389192847160502401599624014724879398509580928629309099714326952735256909244800066855109662232285571239663715588317
673 116727456409805866227668875144680024467553930965205805348403306317898920567275139613747745488006256139514955907264547354300361463809905153320347431580237499691414032950703465420346474018930882863693014470231738883186736485448190043014212692635678
674 269539874497185758662101909643273927955450056139909610116362467769878576838798214038006302746674564374390950739042623901538206362127429457555288255441911776569024180723228588273122467015394739977829290215544859622479340550842460597192910193677226
675 622404926642909613558973792247008343862839802344797869967486209000029251247675201272751143432924729735360761340602509067105403739874725959817961587103403963462562980690861357602126072169581118105741378115670659369381186104872700931471432156370926
676 1437219236790178067345109615146021979511308650160894295990116147884673009161722346574903002427229379177282210131789175957390716271342974748458641488665760285036384444901830121275577552114320113652607807395902306402336269109421762371508514138359533
677 3318738406749199003841623587390910351529160486183286555201381738151135387487834684649771606830499698111946431114152593808822409323963860218019238091020597833965337021825668199480237867174283377760669758526429426105489527782642115218514037408439964
678 7663426936192732648933420262450183499135271111317848120219564940908128445359331287313000738351481319844244344854810084453643107731424355970910542654978857626114367114356380767464720825601929030010762011323121689185611106728455903083714865275201068
679 17695914895531109670354988201094144710912700642798554089126619397303100619056753989365255106827478779140319219061417061674495071258980526181008817391938194773824086652982989427210682500348960047681381966448652578601857432671558644248725001059469508
680 40862320029562855206876604573887070661818104757517095471073643179510494905951840327626115088728826808871020021864550091664098560466524490665077780872468984516978821264842950857457431714855935130192232977698605906375098715040561525625431994322483270
681 94356760193285271347709995186580985737955737133268165232571577169524356521799034876875967129755811567408224662429191819519645982541978154224966519598962887102039301368922504906287911812612579497899533878738160950547633459146319502197194972547881194
682 217882836503945571614900523964218911898072595262808498540580028264406674477692740579587692652463380692121111521173437207442250283329274973221957066829803484939556730142509608985932660600189457427435933140569810185769805644251857272534107807637153188
683 503121666595579045648810065948891980633203035645462281989498980519280038942906380130731050237275965911126554535232363074872792552352855114619542040931823288885588537069119402615266296651376887822436953452583071789097267098863219398581835472583007442
684 1161777657476609557401221954677485714064070160156082352557597175527353585651005398912729786828814377136843563265070184921448228405381691108442738132166790133264414169185483823544921846945460782700996647885835093752974308529130536794540782658328275648
685 2682705625748335518292043660078298600410249958831325304955542637456859277199277267127028339736090254244648498798058574611664588877628446665618515219857866124564089039426403166935007779728029426089678822316076347535185087809915996348610934554805469632
686 6194739094960316125199535798788714940664347615331071259873975277352320748245628636447034640252649251986171764325156046882474938627764892833026498613864370567918326864003707406571145220630697524228623660967711427145981086882021661869729133832199888738
687 14304511119786086399594107605097420742642782113520711812617665568231762028097272268609985356364251483808333532457264379778390995634744649855053690638091561610776310918084830717660104810956100963097697119497178084228456525174582328817587339166275881182
688 33031098685423263565767530509369261701983400455079847213056449243086498612003225628752305266481025461183444593649931797810147189303110531037778091367574917170459390766134076395283992714597092337147367459712628429686422162739823444147968094853828147293
689 76273384754619028517658853616078583561708120931933859525959600357155348853973613616860686268961427809977210684386057963116914126954412057626827736327014872250360708527670343958594025747900291035087113173210953650517074437373750877246767995434494369804
690 176125816380836585546760689538120852921907851223055632136853328289846192690727395349058925725679744076173200842028614768246679362649355990253063199506912854195748761517926198487819061213768555169049602608938061603520688784486405644651771484904738289474
691 406698919886829999636698289557523123305614332919949120142848332638226556246965552047595277130422021230949047573362821576214989757428552872106013103724049258580456870563326158526794075433626318023938359525789730877420189158456000421486913219713107527954
692 939124171776506194757413872108424977634702786717275227107419670912961434422226731391905826182312877189329188274200149131927041995604429514754657428179486931478875458357307528559315667023057507617584239983652122531189131491976904210131861431055640741679
693 2168567868978667415637503476602129292376297124502352440093280779880312585863645242845599047546263840998555279791865980784505854282059371691022443551421107872029329076053360777649368062434300124360545160767792148841643722225192050898501231517560994892660
694 5007523758515108677887560589739331789426100814723755060845052225041768649816480248419426565199329089897572688413455619731073095771385110041910984914868623002429945292505234658371343253027855522411055121342987056905690028459177374799522848405372632263336
695 11563066367806610039740275947148695868629477726675475997193544482141759918758552376409098541304512399776765602700229012591116284689430292165292624219266711736423767035591300144355484275786445107119346448057334158341068120475436839195138804042917595067764
696 26700722807144108513170436969900684121884185595392331401594411507096577340524654367895488245042331769252375991204882513197053186860727008086776522586040526091461122691783529245370586249003089912214920970132519158367522056589221853797495309987885887600626
697 61655669503796205284630265314868032221224633058119743820271451918992958115849984198297231742081834894747746804031071817411825419838901668130909755272469344097545996428059910979493597897391755842497649816341750317440761205352324947046255999744442701313044
698 142371485948845851543058992218210938096112944701750762930778652591767124718838722536595120361906885810797580752198506042218541227496841721360033636522641631726694201964177023932607068277075553558014809297452441026423555929544139716475545155469839670233268
699 328755492794290205570815166191570621730299520534810371210455945059423995275271344178697223168107804785692980102597902776878482790797364195355095996622966320909340602683667804951144356429984935298397425504731676172662097286767741826833021897711900319021692
700 759141996180680881913749117073462159487012072774565351866421526553460279118664009380982139054906053368508456551886286094833133184551735091893238168150316382249064677747029783917525572589158023856473153484166661701976886274859108303754790816519781878669960
