# Fixed-height polyplet generating functions G_H(x) = P_H(x)/Q_H(x)
# B_H(n) = fixed polyplets of n cells, bounding-box height exactly H.
# Recovered by mod-p transfer matrix + Berlekamp-Massey + CRT; validated.
# Format per height:  P: <numerator coeffs, low->high>
#                     Q: <denominator coeffs, low->high, Q[0]=1>

H=1  order=1  validated=True
P: [0, 1]
Q: [1, -1]

H=2  order=3  validated=True
P: [0, 0, 3, 1]
Q: [1, -3, 1, 1]

H=3  order=7  validated=True
P: [0, 0, 0, 9, -8, -2, 4, 1]
Q: [1, -7, 15, -9, -3, 5, -1, -1]

H=4  order=15  validated=True
P: [0, 0, 0, 0, 27, -57, -53, 135, 108, -122, -62, 50, 9, -21, -9, -1]
Q: [1, -11, 41, -49, -39, 113, 7, -155, 57, 67, -63, -19, 17, -1, -5, -1]

H=5  order=42  validated=True
P: [0, 0, 0, 0, 0, 81, -351, -71, 1249, 1776, -2968, -8530, 521, 18973, 13899, -16492, -32759, -5689, 24015, 30094, -1462, -36245, -17186, 38743, 29742, -33666, -46234, 26782, 47445, -23329, -31899, 19220, 16051, -10645, -6035, 3862, 1696, -1004, -435, 176, 133, 28, 2]
Q: [1, -16, 96, -249, 169, 289, 120, -1350, -915, 3852, 3016, -7253, -6086, 5604, 13070, -4343, -6389, -8976, -3341, 14175, 14565, -19160, -16733, 13325, 27726, -16344, -31300, 25269, 17098, -25406, -2284, 14983, -3380, -5546, 2723, 1474, -986, -279, 235, 49, -43, -18, -2]

H=6  order=106  validated=True
P: [0, 0, 0, 0, 0, 0, 243, -1350, -1071, 9538, 26464, -45506, -215269, -101249, 975057, 1946287, -1230138, -9244942, -8613813, 18509792, 50042999, 10257740, -119318671, -166961742, 91753626, 491375207, 355672018, -672570209, -1534485268, -322661629, 2823083776, 3763125590, -1559698925, -8854267952, -5914091105, 10370417879, 20108604962, 682284823, -32644030925, -30512618282, 22870735388, 67015437047, 29391966706, -69616504268, -111737447439, -9719542545, 153868049652, 168014315869, -51111395077, -284371609198, -219545639461, 149510863597, 440611482143, 265813169887, -285866369572, -608029352343, -221510594097, 507817385160, 663887352726, -15465860246, -677310888765, -463170828721, 317799037431, 623212952281, 92927497594, -499866019683, -358443737288, 224932511592, 387154483426, 17333077685, -240259126112, -111803785962, 67889677933, 83759505885, 33791449900, -18637964314, -60970892204, -30419726268, 44871987331, 49309875392, -13277168635, -37249751542, -3478042170, 20125637565, 8020042108, -7263736077, -5630944481, 1868040579, 3472050337, 782628607, -936473030, -645846249, 40346797, 189155664, 24534729, -72296739, -46112647, 1909353, 18701605, 13700847, 5848814, 1705586, 352566, 51252, 5008, 296, 8]
Q: [1, -20, 152, -502, 416, 854, 2463, -13485, -4495, 34114, 97342, -100148, -497509, -106768, 1690339, 2187391, -3200695, -9955424, -731905, 24419923, 26984356, -28498232, -89188205, -34629481, 146626042, 234509247, -37594367, -527939284, -483117510, 583217112, 1500381778, 208402874, -2576857979, -2358188400, 2576854000, 5520544177, -135435555, -7796799300, -5061538972, 6153080214, 11518621343, 3073412059, -14061851208, -21187236894, 1495586875, 35509853421, 28823826873, -23842523933, -57661223573, -24215458105, 50028002613, 88113281387, 22732533520, -104776347482, -128450443138, 24225140120, 164700556677, 90448854332, -96380743864, -141643266541, -5018194134, 120389669593, 75272891847, -70224909555, -95987219810, 37495853704, 98513870489, -5232321900, -64808474509, 1223160246, 26958548811, -16862425717, -9978156052, 24111860035, 5609363208, -15392525752, 5705053178, 16419151481, -2714688732, -10131681278, 635972232, 3468087481, -2349639382, -2949695196, 565550552, 1328525504, 26175471, -299456351, 203336477, 347494301, 95490377, -84051789, -70025820, -8801535, 5595959, -7581603, -12022456, -5035700, 1446633, 2893703, 1780908, 670114, 171170, 30100, 3520, 248, 8]

H=7  order=278  validated=True
P: [0, 0, 0, 0, 0, 0, 0, 729, -12960, 95580, -406727, 1376778, -4839192, 15107863, -37565928, 95385196, -245327812, 477427534, -917231130, 2188071172, -3339280326, 4089285891, -12147480290, 13217112496, 7548087874, 46689101675, -33947862193, -260418674684, -226055472563, 336594551567, 2343245947067, 1899675821135, -4597653808627, -17068409025267, -13457979444712, 40674553082046, 117728028982379, 73012512431891, -286170527089838, -739791771301799, -342809033441268, 1786043271906151, 4144255650178597, 1443231602406627, -10043193761011208, -20926822394679923, -5189488341888484, 50982552899209328, 96332292804102656, 14402864976405272, -235705619429469729, -406776444919101864, -21167972499176649, 1003490864298864035, 1584921828237981609, -77232308285000116, -3964458379690622348, -5712154024779848943, 908742053134179016, 14568803000696808354, 19045547154809621151, -5400055677862054435, -49965255467015281185, -58898849467539868517, 25273815864011248836, 161151036434537222378, 170273036708823232768, -101960130069341050537, -493481156637047663415, -468530861721620132528, 363137926021390744474, 1446010449199420570996, 1255131248751331358808, -1155082093654147622068, -4056455619235865014981, -3294078213889989710686, 3340009748742875289140, 10826246565134039004187, 8320636278090568720690, -9041702466747426239270, -27422325806485605561288, -19745104566708748646468, 23739870518451413009978, 66282467377393678244525, 43302932141335800052486, -61188055360599003688557, -152972041299597203078434, -87372539848717463231919, 150814164373615677136529, 334148943654121517842949, 161899619956397829956499, -350121495821270896762416, -687016249788306086060379, -259788121857245550794756, 790263230890777101039054, 1337344380747254856196677, 289285123602614453263910, -1806580561893442989109004, -2542761528766149874245832, 9179349527349259798494, 4196210971334481467137451, 4918888046183802996588357, -1121087722847973005595366, -9425639709712840306981767, -9388830209882010229045759, 3862023033614363483540382, 18994380252376066150154810, 15993752381692213398442302, -9592123699877459909307376, -32942180600000106369537465, -21822175565224003190205945, 21523405212306791159856382, 49778689018015618339035421, 19381514567188073427006717, -46885271103730515006085918, -67978842075202413550293337, 1097472368478405075361434, 93251497221036109063217498, 87039126506022467890943914, -41476429269399891742643466, -157898239873954517862361902, -106954502009660901738402807, 89191741389128635667137030, 220507381292452713188192405, 118715069822388408598073667, -125648180098746494164014612, -242395489312586187467640071, -97366844710304963979497588, 137450809408495185948017460, 189067631386230361066837928, 16604657365434906567471965, -144546307255325802918886743, -77459046963222023829467230, 143985720765779945547234419, 226814144999863755948561303, -489389369006491881291009, -358565962843466391632598149, -467096433985789865656560022, -121312124477565165806063718, 486403145340712114646770068, 866266700308442472416935914, 562555652019826485990798122, -404978325587444271246496751, -1291973545527356374270485010, -1105778361821467144314056700, 263190821531198439117215735, 1514553498548882644290772163, 1148549109968764622640419736, -557029581827644802801561251, -1414858743304426401733345515, 5399320871714349971650798, 1892080291157176164307087117, 928756499140183331891223176, -2755141850511126781459288839, -4220011257802100374772101039, 266325507923404836193692493, 6669874727391285380521910451, 6369794905434408983255584539, -2571933998496318749286392666, -10580601733159018031500092441, -6905263808863641816462612977, 6053655842020271024085972555, 13425080027834496006937819687, 5233786675275967618149209632, -10144165531023748098648446381, -14559924101546356518929841714, -1923444169383777543967993990, 13491508267143779443838968144, 13604660545392008068373769612, -1687745829413435084152308179, -14419094591343576110077811221, -10421769639221678425613402101, 4115343504388404861432789363, 11752959898405309447311229398, 5723870597210888808287253124, -3999801701880871398267527164, -6159332535801822124092090590, -1792407444238571348416067211, 1254124138324820136411211339, 751193228767497053128986944, 496969113656941239510585071, 1855369876200958214159472958, 1868043436026751927508028548, -758826021865248128255395328, -3122231136286503889821233934, -2374236374828962372449470383, 691182730242760773458948616, 2994382161479030849562614266, 2398015576893057186001502069, -484539456246072693839141146, -2759617656537729172659954129, -2019441331752398989472472376, 826513455601649595127353661, 2432866515737651523152363393, 1127653015835202898439109224, -1169914702850071354071750881, -1732884128818063139671583954, -364309004820983605666040726, 990369660464946566030193186, 972236900238025919514377927, 42021414409463197028792540, -608680153376070549802779377, -461494754506967833960764225, 82439790999160567560620749, 371818600895941079791400565, 189163466603768984995342101, -148975061997129266563614246, -244205274365887319391310997, -58251570874243517320783099, 135779448748206666346761822, 134780803466283543669851624, 4019371531206657447391164, -79968002852919160196993750, -53211952658011204774309044, 13014259013349245493566245, 38060238913098535472454397, 15336977261128053915744978, -12970026964092161878231932, -17433652255423922523299252, -3848388322427716131140414, 7370729433789522116787948, 6778679031554430107875137, 284231853705901761346558, -3087774478939143072224082, -1446301655629821670156275, 1102246173794131679099761, 1281592681071444976806388, -216021640037888355182519, -1110882971262765121782214, -637423993248593618319551, 253053804661565798841683, 574844983084861199546559, 294525893952167023631180, -68249473969529220631967, -176969720520322395889723, -82575785418760432140581, 21556786385895996605862, 40234334741833099105353, 5601899775598659374472, -18860625293996088729821, -12444826940861725692168, 4574387270275248548531, 10354499342245756463117, 3947846038565424963920, -3112026135045000384075, -3791539402784703776742, -367530483132631121314, 2064336228880674480079, 1706959469376144087335, 112300573504792384052, -855309645640721594513, -772408539099007360040, -244533577200269112260, 130392181024971321510, 204449357062165457224, 118113457637374054420, 25384953944585076136, -16779214027849790572, -20242252433741838164, -10934715278293749304, -3219681858711414072, 109726729200408064, 763865405726547216, 536884001427902096, 251556785655909280, 92201173214688960, 27845168802752160, 7083226583654784, 1531960935326720, 282373088815872, 44242782272832, 5852109583360, 646007741952, 58494756864, 4235287040, 235914240, 9494528, 245760, 3072]
Q: [1, -35, 551, -5203, 33504, -161664, 640811, -2251267, 7206102, -20930059, 55821125, -139663081, 325977368, -704275068, 1442305708, -2808778580, 5026032101, -8433357528, 13670296851, -19240295844, 22476592059, -25943729579, 14953768123, 36920929530, -71921530903, 133169488681, -417408492083, 343085028567, 69584169785, 1055359009391, 82736504220, -4493100370671, -3057933343942, 1042947642534, 25838976908308, 22869120575964, -36341185905784, -127638101437220, -112084153996987, 267192166492231, 665587631537367, 331858156077234, -1482875391220149, -3149323707107004, -538520189996426, 7557468821021218, 12874445236296900, -1239395217814303, -34731035298997843, -47475060287182923, 18343805952692275, 144282339483049859, 160459151105829286, -119653499844178090, -547882740305817979, -483169686710259235, 586739637755961502, 1892464010054093067, 1281445258053633839, -2390936403564805615, -5974444335492046285, -2928601828962947223, 8564949075589510946, 17298004729361278742, 5336470682625981597, -27623370400233318617, -46553873867554359242, -6456928945949731506, 82396716214460289671, 120429575891119850189, -1203498386274698509, -233087127241210158592, -304159013968674514890, 41189214283535027290, 621439083170748400730, 732575578061545421433, -181456082212071474137, -1546389474554305737616, -1638514620442769923079, 676574887229208093624, 3693756723266530120247, 3250195801615283307504, -2542258617117201229722, -8418301925731562112590, -5230846470119298702044, 7991242253622912130451, 17364253295787219397205, 6656172443279313544298, -20006361755495872830889, -32785667640588476408589, -4492603133202004670389, 47009628294072265837678, 56032303774504708391913, -18897708310532231286623, -111667898664994743805386, -84743560790652336938201, 101836733508945977569904, 270590624031090062357836, 142434663976297806362129, -325897723558704251096550, -670648042287008485448870, -220551294911027546597925, 930496059900864200231443, 1423987120638865738176131, 15307759085972440354097, -2240612961174639064550665, -2337209357557403054267353, 998603839433774311909238, 4538414184450743951107688, 3192687684670873268372124, -3473776171654656750184346, -8306157880488598555229164, -3340338031834319649151608, 8550540888174443163115043, 12877374257607453858243455, 583311522133149990792486, -16326425845898616510542673, -15540149122373883252004670, 6708328079597381066142306, 25754864073591370610092687, 14929516222148240038775214, -19188577801790103889601026, -36617709211528675003361903, -9400820268897232789980009, 36100845806604379611018391, 43092271814753842320721008, -2304279925045823160001325, -46785363538286348390575381, -36440955150352780714769550, 14070303951468848884735583, 41446765936447315610276151, 13169749523668322501533635, -30735419126304502287390532, -24819747542447803942560396, 31977645811844244051370068, 62074901830644979479218409, 13617595954610385785310629, -61895656322138552259958226, -87912187123347536595467889, -62587438925365902710776236, -10353019213620452866665055, 86885286191157125324365150, 203754195060115749578067822, 192464867087534935456727405, -54386555484880455164631458, -361433899614810120016711571, -355152512175248298767480534, 66402581748936283019418457, 441344373122847753062899435, 234415358361873709283230736, -315838979762746427828652012, -325802519481965996521396525, 413136362625327921363572169, 807357239707409908330669768, -99556353090133843111981979, -1418815287527235941945679337, -1218875725231115913446553086, 776286160434321917358752049, 2298225197832881333284483421, 1169326692679089727289382378, -1625383367509446267420743415, -2690614605151617099845103369, -429721220670251307637977620, 2561739203240678912461089114, 2470317879258265175716503531, -812977408219629131586883698, -3272538822323238875003360894, -1737563459397935183323661220, 1991844873703093311589711598, 3300943406332920715985179680, 642344748786824823228634962, -2491297051162949316884842826, -2262593877446083220273774866, 483464111258662640725698843, 1845494051589215743518625386, 527041075747619980573809747, -904981579250909161983436640, -443476680661014675409834188, 632150084510032637380462774, 452968601564995205747324095, -497157264080224055480879908, -664134860336678580834095810, 55534049085961635073822423, 573067208920449599961517731, 361874317651042481732355834, -171142258925117430684166256, -463282710838428709926373767, -272423926739137942913921572, 213938637502148552840939018, 464442691685383539138998895, 161985282312837198595570183, -312231131654308933534558773, -350428960793669089585951126, 39038921362758535975168675, 304712218981071946551771826, 159771669009541471167318582, -124280335593527359190629651, -201128790597945377784604233, -61614008068351869177695944, 85654208475092618711350480, 105282462976067609621394549, 25644549887258339979092615, -47655465658312048609317040, -46104144476700462939269594, 7277407822514450370989988, 39940077690249822659058634, 19210937587090653549656617, -19562677501726762446559855, -30444587721912401516241088, -11065797943105588474537621, 9615322755597040483618683, 13119796100505655306695367, 5074997684476329629337392, -1484948013923463498520166, -1843536400104112318673348, 460554524589932211021887, 1212877230219727029785829, -167461234405391928526594, -1715508733425906152372941, -1844332459829446280065614, -719580048736857768996638, 487332546307768662087985, 953901891165432656790405, 718473051152144179276230, 256642221643885398553795, -77037487899729546920311, -203641712908762856647507, -187467861758663027857180, -113656244618777237110381, -46358744153421546010269, -9709896266049904655444, 10224583947548469887564, 30397424458885115889860, 44513601657819486883915, 37785758462648718813518, 12919190379790260600542, -10942066060035388379520, -19155563452631318245829, -13058016057519870317096, -3182047061001930194690, 2506910959092633208393, 3074899298274267543740, 1550918162547115728194, 465030679977611751794, 232692638877176084557, 189509334254691571960, -44503971183181084910, -291856459624440699389, -306883916783137514868, -120158575267763379283, 66479145370998461831, 124714760880108187318, 76994855832993921590, 9242117536107815286, -24909151431998436856, -24411223393611210940, -10926654885469257832, -564072874072051600, 2971916216135897428, 2488298089398436976, 1122609284205477368, 238172646306565088, -77358736145867648, -107406853400505936, -63834701452456704, -27339162718566880, -9349996936609312, -2651310749743424, -633395366638528, -128221357209152, -21982590997312, -3174073847552, -381943586816, -37675202048, -2971675136, -180431872, -7924736, -224256, -3072]

H=8  order=711  validated=True
P: [0, 0, 0, 0, 0, 0, 0, 0, 2187, -63423, 837648, -6923733, 42656272, -221364204, 1019102377, -4179885480, 15522261262, -53534039074, 171587616794, -510501984533, 1436995101717, -3832148133544, 9569780743642, -22855968225031, 52458801192891, -112265519627884, 231819181519869, -469755414029903, 857661496221492, -1528135250993829, 2839945520889487, -4056423209784887, 5834162929776967, -11981636365390925, 6225279216380952, -1104891798545351, 54686534563163154, 91137806873739645, -154072029378456533, -634626265973512706, -1465870516394922336, 1276258166502849194, 9195172247834669785, 19343654156242370580, -4767091079029728342, -111357287844480948493, -251102554820351640863, -57530306805073369095, 1140334581542181146718, 3025615246492496664166, 1848319140900431177719, -10058225391194795174824, -32726097622076737308055, -31372453388230334754151, 74556088919678236030688, 316385712191152345625330, 410296158724011896675810, -420950329642727877475410, -2732460086871285034203491, -4502121031272437474424369, 1092093240967343764519592, 20969106132131791008274290, 42958949680159487102924206, 12676102538955332151394526, -141140823472628242472507854, -362921895507918801167880613, -259121183234435202496287323, 808785502730378409302307976, 2739378060504545357099572486, 2957631232507056898549931109, -3637313893871831670530452745, -18531484009957253557385626437, -26645155493311512260029167033, 8840307005393007342950059864, 112007854310920873146900422830, 205631970530116211510132449511, 47912608523198341420192357590, -597188387902670902158345398655, -1403453867932884649713324289370, -923194677570951095312229786711, 2713790150761882812321521295024, 8587121820287066811523819216427, 8820377740420211322143837981717, -9477292072940993239170438264370, -47233860960295581016266249448378, -65940561242659626921053036358745, 13919201979000844745179561502942, 231684945670688139443041833777327, 422727904879226533425814440121444, 143161595872383586694397016343869, -987359297838188707192496403516606, -2395848104070751023007760855023569, -1837185071997917487047980193627486, 3402624709836370488879500199022457, 12100050017681760503894114761656045, 14047383693769919571293203715251060, -7104753176104633895112709492764499, -54090630087144995783788386776069879, -86073844997454590007450051304988715, -16378985580299305974269779282116122, 208701299137912711506576012525626259, 452872504752572997903522986850115203, 305936354493298532384695062304942827, -647985118911391273573422756832628938, -2091517118088543060360863757742218628, -2291344164546874409179129496939318754, 1214749257249461834143957625214535089, 8488098846268612303335587096696447186, 13083988149296134376700317997608813286, 2573686049901354645418992274138510489, -29639551274312387370321642456010564762, -63402888915027248777342454982613077352, -43331582511821130100344636682827508671, 82672938103985635044412641844581212796, 269240306102913323739945825977716896178, 296754109202520094455809487797928374725, -130117917160504441413231392847995516047, -1003039753029165721287838389909096154584, -1556490452286332522651091332397873700001, -387487122909139322331581425975015977487, 3184021139759518604611570613586077856138, 6913066874657304215562177413155218026874, 4972362553847957282453463297636814366226, -7813081170063259924862049158861880640797, -26645062455987727442050437450978723964251, -30164513708619622396067316891432873681220, 8885868320333006027855752611827162287476, 88615176997820564657235129824643103471430, 140602338753334568149068226966290567037313, 46308132196657419548651826636138172977930, -245581708844143336131181670235210619963673, -549773284911738582306605611882930331312768, -418814512910066288426242075726125099861719, 510110548712437731178242701961038564330407, 1851106691196056577741791867542926392781429, 2108260790013173912550093030847119637007513, -441066775298577518722923479406768055215259, -5414224562156444882777485848351489250213779, -8325543426972773842310785093718162247810257, -2406139113549072784205406422742767031048036, 13884388350743226511260352087296471057367062, 28298554758464647249381484776906230190954422, 17127298686949564849137123080877415155845176, -32088241260214476606908991312472177943836376, -88234381896055690450030072454133545501650635, -73499398929425905012426526672729700372039799, 70711507713821115320021108432067285586931784, 269504205846326548522663519762975006497829195, 273813407070113745652076337860571302681120324, -153682752046313746354519730368643234573798599, -846857501221255037746147147240397654926667985, -1011329204018807569329865660493387158321154988, 272750313623371498338699953683915681832146974, 2732116243206694371087853861613950932782630375, 3862885805244438797956420964558088788380784655, 159148972124342526857962960963629704668166683, -8569371002082696214940586757930557822067890158, -14812755830569432606390025701905327259937563743, -5655718384116398893093359786469827668685369119, 23819852967198741102933258575019477990159001492, 53454456192588528692157012743711725594506255468, 38938871773972579516880100265936180903548288277, -49945842208222016271478539204345615799282666025, -168794430482301146812318728004942186465561878171, -180935753290391057680299817002637865859395638152, 44321210607919093383770827257711249362761473823, 437629980420513091148597439112764461428448449039, 623713108380439382304648468369996721907750075982, 151831195696177770711572737718829657144185881554, -929547351632968063876060754290051212595023898561, -1654642679822092698855677826023556927187442866638, -670744797984033031761009184433159636996731842441, 2097824270876104256213123775908240484577313948102, 4013581738603504044918198050725687096859438329083, 1005060894913758580743882907656093072072991044280, -7446261312793993451237518652750838759549710117576, -13306738296857869359662665649901834318934661181646, -2838683396396797446272458826170591523557733407892, 28183118872284034843094268164847211101118000857318, 56323468664230484988387174075746168983832409518935, 33767607477260707084930292537832123275460771150503, -68188497152662523757851268107166643171094463151073, -196187004876485092597873331975088656590121495166822, -203439798692547631775598104384466948953949999889307, 41181953826228368468984000632138496700280130654228, 459565896467369909294967385073328821223602249902392, 678891994916950147276796654073067211910401135348326, 276635848478915991110204985714281123103600980356725, -687966685659271600037167872405100826721019237044227, -1360035088659425568285590265232612870870282767754592, -656453296272566417658331262745156379940552402175668, 1300919942422925016347910271407166115411922391172026, 2236942150886379035311234298226141268757288000951824, -759093997920347721141831257259988275808279668925471, -7027023001089346026324269289907457742503479707807293, -9161069963143303973625266700315923037795751585814488, 3000024700362142010877696056332875460566007351199096, 29435151411033605287842150876693322054981725407076703, 47862084964565507575752909024245048466356975700377517, 21368765062043294406304614330178146086757368221024464, -64752633241364137559443317332418956554275021207109781, -159898241759872109642541332320606085431895559654543508, -152919039859922603227601652423888361684923686575175143, 36931825139514263468992658147892114368064485789838669, 329135156872431944698962716170618213219217269007816396, 454173516057543749441381732963211941053132089289555059, 154871809876998841237702040570250932123826418020728681, -466658902798909768001364658364495417345305054398243086, -815867765935360343174564089929498818441912815083188922, -253600358404161192419856603800562393279767640072734611, 1018294603692419297158038201070185818983452321379826256, 1533595954006745123542456033632568193284071037437409269, -367318214004567646773552050592886886568900653953034576, -4182133851683474468851238816062139526390396608651162415, -5870006244987823980262514238564022093850096824146085311, -349631202648820288606330967023185519590941643935030370, 12181930046746110910354300283134654403463252285514500314, 21623110238506202064239740820520762737307256037371123569, 12933394188060123106420645026022880244833553438918928669, -18091262225469018670581005328421736772456445286639896799, -50951104635665945047831598231799231018359551489440266128, -48764415298186176039514820866619615041274474963181834436, 5639767550586216812762995750416660340842973232494212132, 74532045604066145274986966586022339850249970845011922785, 80593459403548805830958016605459081220231370260922749406, -10902265139721969833697170137156577959506545498827757574, -110438837148417066215352551016240650386143336581081305861, -44993175821576076634349792890378145991414580606706524980, 235977220345804656467896075488123414203576179915607722325, 456359936966396583722004189161526563970029919891513558357, 123731019157324025714163767120406196608468325062342931879, -919344773134323156632130057752791453794739417707584759690, -1909816694143641651966289219713170523327853954701895258728, -1361663099408147556498356458294228839156871905921058512404, 1534922795963396132501996824054087853824677574034825940398, 5211833364687784352797945977238103589348490504782935077200, 5772249271608778896649849081267133788538546135920783199236, 122017556859832841397392817015755284797490272661550624002, -9552986160033263365816108515505516990475975824525201450793, -14751840135370389580325404377243342165113934461296628298952, -6809269351618042363996711255944072827332285294544992686292, 12701775939445211136385597850539432758787412016928873576841, 27668993262009075186744525907078776962318975045616894314375, 18516396835021534031209131490487667225151522845802793113885, -15857668068648250300128396444568153028750597030273874731265, -46493677915414041482457428511402274588824179361140003790727, -33955160759782727115436168120869040879055903632293478107245, 27770633575349381396653210437230759831496634076051989582573, 85395881133167698577571526885710219368171450133551006711738, 62205699944190785213472548435468198900776216258942369019053, -55740411397123936432508151608281811332398204805863763653637, -167095437210020026984517281340995454608427249469038184133791, -124419019520970871728842169867260073008640027955718768916250, 97575215709441936797036463311519166400445836857798781911769, 302489241297155764313889757930220774202091253609407538186795, 213928657625579775711894046055224047036470064828581387960504, -194742965612800150072116234335068346099766292045848024745537, -523309020233221568880547747385240835281266981890900418439541, -255693053588253199733820117229930212034656588070824823453761, 574938076618468872655253252114354557899976575396546446907881, 1076490329140618629518286534040409649818288134389884134191892, 211027430949229347132630712821475728425289064776226064854016, -1791952378646422277109745894201625481209417195056225841994965, -2828715303319661960136533751015677424171805430785610756025527, -519933107746670660095364749066562565797506103882937359618861, 4659114032963691106030771243150171473955934304536597404871921, 7898198441691771800561921245149283533013384667382025518772697, 3303357542194285354641233320032363423570810414222938465219819, -9219711825860591473554387076626355723065628802308229541135941, -19889370857647696742929026733862036434571746788623519800586892, -14613559385095444267169430516551667553305043282765413942522539, 10851862368216012359541271476212946112947115724244881366665402, 40219241975328262073124889444869635128429181577531729526937668, 43904734280893991056504579084209714842846861638592014248908650, 5003271818989764930141671432388523924231116085116996818659323, -56521321260680828049788650377520490752319626671545945827612032, -89418325745903453930802569080264599330363468216037615282589100, -52821746240832912587351063432805464197722609575972171189550411, 38064384849283261597089324705680001897187352918059051467682175, 111577903621877031299923714295733313854607818253335260602990355, 100520880832168603895972973400059575376923737819364507133339187, 14937558456336207816245453256823791428694596830079561367127392, -55064780089761508923719765676863240176524465947472589060146149, -33813457955433632238847154819925867222614939653618132913496188, 32558978308707644628889736189479521952159761076038167505827556, -5623953989072545292980289010159886396214411821221732933577785, -220154242453624082264143228651145758775840343992561718677416954, -425587886580124537129132715498638879962501598116297972238848862, -258969312164144831912193369015852358137066731745949490740276880, 425558042536493169667639612928495066114830752262073178851396750, 1184397447261738577085800425133339065918825466075537062467129819, 1149055877218633717401106312776781919676764678523407328014584842, -149608535868860367326338330182289321975971641840139556245416812, -1951787896860464088906548422983625063706125606668850700767765621, -2473099681344404304570875312158894792854358392854866783742807805, -475989908639101422825573864841189222365908844901601499919990565, 2956634584370737959525136116423715183708299783785213585880639852, 4467824289303083434728461839281032679264986901144817103906064842, 1175711745229286111270295117880490044617529274458711839248593911, -5723457668950481860076998179916482876498530272065420414361185356, -10193072236232789610193622257776906965168673393344586359890583420, -5586527147480058492136366061518794506942925640730430125692182491, 8527886923663721278622289203727916820724236986471375824069505456, 23004348148420442412342153769321495879689076459282848512588887273, 23844575458193096881681999382229349454597994170949451635562173719, 3170662554708458608114404409616171433010193174870176141663155441, -31599929556272308108878009992958916750448076388309109174854870035, -58450378688142423290089406311653943908095385815768193599103533446, -52736083119075106450097094107699533411088173363705968921831618490, -4047789268693181447364259415774801671897105018252451889102357819, 71584586869343341072386313994585694151627271531117333896857180909, 131929920268841181208085084910161954995596832008259512128391086977, 125411059111493302719049700351091946505249498609999456185146983468, 23101028396385707885072700019324301164941194939351314915150256678, -146936041682971660600044439799044487489873184959558180554157121190, -289523189895864104717499310473428221948257495017012397414666738979, -282568955664830092997700001168486091183487467577538904022178246791, -63064731600805703378232596736373172412119777393495246374595609543, 294254389421804108728246478439366872061559058298802482374443358250, 579871379095905563302718165086277546919051182612124801956280803926, 563153972519027687382274052822018566349977382669231456177020653465, 155235007683788883945759833201184447245018172534624623968604655429, -495943019558941535338334890646902963325286514547746683806076982681, -1053058374872485306355440456266526506764365384654878404595017493475, -1147733976875329499408843249078939906424762400216998769385188408282, -556571993313205333927139454688983332426147702805922035808609968308, 659574388165431745049498184704466467971013584775875543275927094172, 2052525796038779391485939148201483994321723684331112143951734602543, 2776976218866151156668259038355744734290819293775749100600332946558, 1865752520244505497862394706687996006325473834820201140412728757208, -1062156158622030622462844380601513372915652156516655547982893496661, -4937597044312038084309645487216659688530733606861734668973085607005, -7060726572994915803254786659988845827098887261263771806449538021777, -4452614961042592210162572155969811629647989064361616441435684057322, 3469877663624144053745400720023849072518737057283470366547194313844, 12756262098871590804665523222195616109035960028105923808613442899489, 15900478292614265591366622703272720937507943598899586920581887958425, 6879530014199648836419677637215737400974722385493073309444965987682, -12420094543584694919150566642061147361976754474480323965573374022575, -29931914849364817220613512029620267418449437382315155306954515217819, -29583199780023010915557268284209523209183199878144442023841733464156, -4037966852296804146775043456387438910493723869530660234154949691655, 35052193607380653289670808967322683655762325137646307083968206344735, 59850104907570781332302152460549217144675998790528491279640498139804, 44654653551972973101008050395235773572605144869685766312784884933509, -11359572729687725601963624492578882316611908331218384955482480601993, -75901066104400228175738200736392097424241994492242637970054163576358, -101212508922979019529967370484684451070872802229806044445986420187249, -58676627592898275742903724562201165607641190612422657268477684317025, 35572761070934757426194023119100327341221232573195135042469692433011, 126481313891998968611478696456372806049227044538735470549161313473205, 155201046086494632507327463913180605100436655579490461286511278297190, 96499130151482953067380739199523001896337099561567574249522414416217, -29147268904105948254237563797144849780377038270478354463972015105526, -170750487372432471515257391265750423571402991788904070138372440093207, -266845593713759592098580644047666786109075498604652059581156378234679, -254300916576092733569747067114948310834725007903229321859469677766005, -81631548104359397237508873427896106063042955383417725633147689156545, 244545429157405191639500952698640998202625642737677671618923567901918, 593003501336840748134606233853073343383344380219590672571835770122405, 701951864756203258300558759260705095475159883688011902448755814797051, 319592412391692707273481021797837274412632981055844718368820340685974, -538477164454212588365973858304760781682579476917086002475447736722361, -1415170844529177910521427051447707022319512181631277923230217563845360, -1569408788099619192618985583183947440109333873485659968486741266086583, -507774557991905055838803644179280575135446456755740207352899412560368, 1435261918207996421606979268254552294613161199497417514164390758634679, 3009061737658561338070243479839873758049676659677646499238295072037399, 2758349455838245915290078014524889775659329430337914784304235730044101, 208658720875547698361591337893251524233665397496522109373701775006585, -3367652969236561103591265800844889929906917197116503519000070792170529, -5431725953577806447749056840449480514018888086132232977147678416818872, -3886761955355284101489002115322890371407983071086705438749781072545799, 1083756002815755975432871538362068140719648771817216595942922893511310, 6554183275395878464857756074467459430266847558462002816102810289344268, 8486221634908495126005505548878507352561379349426680206357044411826348, 4597858027376272695344647612958043558679661450574304241707815958207325, -3542588122157105520784067933070483925235781351119919846154540499047049, -10939366460433100659490321320349782276571544751074835461331282652912942, -12175291149341655169423755473128545698511591098461843956341370309804372, -5164341886038038011273565833653598172417000720347107489068495343275959, 6887161769839751687366777141601791899118236933329563303560455478656209, 16807780995957336994480480530656467596201429548642181912856695181919280, 17525536597990113717225622127396546708584832684827890298323286561700802, 6621286792401649084987383305223627740380408056925443319160938533379016, -11277397375219051198456937606205414777879591817061174724738764340959602, -25951267173026038232455584444555267539520810196602556186915818151210960, -26780102333400673929234740524820707359987100124910354575252932855987171, -9523662503707098896795596873452979914734877032512216397237282515596902, 19013827319968687291806850186075747161882685172676212505816853909844069, 42211864314637352727395582030047891072264515847075283797440783902354207, 42117144244416381258142354191821432201465230888070531803915214728561074, 11889104287371336854729649723477973703383296500723822543254305719433368, -35515998504581853347543637086450487604951634273171143315033528454193654, -70475152265978094412368934035993554291765232411006127346197908915489247, -63589550339158881159644350157279876160557799510546520398488300388335527, -8029162936609118259013798314877618267973839865102431467193122180574586, 68381722078458768379499199538162381759238538883026232291844785136159233, 114225908517466755935835099317299302397835039933688775015497271822236054, 87193686270683291815654251415275395254528512485173446121022268895596879, -10961622608286701216729119446180774993313202826588020178898309717101467, -124192548486079172654063653955632721748122319260101584847142373839112760, -171484882762217511659358545802616361695913281562314098053542389327868797, -102937451287383263563450613976510552752946023231904824554173510954821891, 54918134992544183113963732817969719540136664108240842291165733640994222, 202766884624952678992017373416295176505971740501885814458322557462473732, 229330973613037068892341020284383445937424754966569787676001303476104427, 93906466021266470612976055056303184858255217104610579014133232643031445, -129699623888895614698040719118919426323130289741684803795385680646706331, -289778047672014519111755194337701309625198768775894654394645276645641371, -259948761925243302353116631227247507442439529619571601569590264249307730, -39486481257969917880797089007282324139565274214191679192502727257998493, 228812349178136655675771282903916970892139051803852249229651534804826242, 350301161255810138093579643179907907949236145703932379870382007008361426, 223092784882147766669175240161783989583648884062211534512110298009266017, -72706583505641468158099951008275647880505594158218631734866418211859902, -320600817840331905949205000408220708484571669163509495136913716295643547, -328123486966523528618829827582978417692897749554172219692336279365954170, -83744589370917521254238091955117825949889585270348335829343930837878359, 221006627875979069111546468321688916760399748555398045275197333635310176, 337633850526833394379632401987262026065177663745183570937651500806527949, 167421303734643461131634564858631317530532071937217160278005626636503312, -144713348505962015640467754126369211109365347353452219458288248810916824, -323056597837004281308916069658498522507408886244452743278212725429406045, -199653302125704103180112959169353062975689756043053644044546269524738789, 125438684075935521252075451256591826783972989019151484607619877962400082, 356387244300923262436703748257472036687585586609058182065097113934031829, 261531109567785016889422856922118690369279374998527627529767826968064556, -103442562457815809318692664384755433594290344856892854436447509887360147, -421518434107391504003896952500035362649942080373580116765751487398100649, -387883674504064101739460372190402686440849901864952882865678411340327465, 4269727482734726539519764965062716750844913524516481530627872799734239, 432694581897828452852091313870187646340149496120869635686847148063166322, 517982818547362158791077658491260585546950357964974029261696211116753356, 165412442588084263479254870756288434120571101472534798347878145594009866, -336070663107016325062969274237627094658384303249070641285339734010559615, -559940451412691232356070823171303864858220909204068735348448509664000983, -318678745267117102224123231045833884373994358245865291188518246161243908, 170850359370686265526008471412689796148175863325909398151636389716978607, 485459613784184712192501110213180963622963827024447609028526434318485859, 374612367040130881900489463150939920153329744167580505903989991671281850, -28036023115655235803955626471273137178283454111640912213126875450653601, -348218873149573470233960437044224429191812629268652279269803511068144346, -323406672599216391853692504037811749754005069925222757267946992262596239, -28615794575623675378373133570024622710634848513028783981286102504983652, 226670816608107116647213322764648580517274872829155585264035497705197623, 212577774583174748598306674237922665676081860497711269305592050965286771, -9220610865533504676905044154035037212717329822827109087473754084278073, -174609101565545447457120216137428967112523667327685014332330344751734760, -102827200571076159922369303581762179738755147219404341876921322453934465, 116011632330694387177815211990017065077915018266508752702814499045557975, 220098641148102278171876079386347744262902939928273252104230965493059449, 57909692776383386130585270868431557943253623168078068411531511999731063, -236432034412911245601870248323976210311319650830444215422596896829481246, -359153473529397485460052592843157772074490880813314502123860616811309086, -138527347893971945446258554955649833543044045807422705117106376747324059, 272971177597699890349646280483633457406519546828599029039723066537289968, 513273111346756148556146182198884194304957053752629084454602437019412127, 337223204832139181861344556722851681868987713260608406101404546785958273, -145851491501325208343977886700984823466591792203445614727656868345356680, -548205984678272052868984865564696926964720644864395986454633900707213107, -532229447576887225844516712703904724756612183447968086377065193830944956, -101295672293403062097749823243608205278973301175731689502406483318260364, 401859333044474060099683498676482879786827389107806272648514956354408308, 583223454778720753638597381164077990876531884160985939653096761921863689, 319262298647744143147890589055928494659259447643597678950024624563515026, -158098512396265912063785603372484903082629045657225374834085347300122389, -469754498065001019153115478967155119363111246730275423254015815929243653, -399831380362273448688498863684527430215823782339063881067501455875720080, -47931837653793208981294619235521755334785819475949152629674742595510710, 284312685173269679160702679441035677850370253377922054121945184991036988, 352785533754192937463570306606809240108470288252039040528512198075514205, 151496870740470240450379216075038166797375366643862139251715720987599408, -119827053196069318629979439347011268228634383141691840723292624927785248, -245236782137466154248103940179460215590552205000207224749309345411717386, -163348555228671081277764587600727381899149874894181561241592234940073159, 15162312614244327613222088123583816310644847324647583052328121480191725, 131185259269614489428569464423636496265613895702314669483869425771691243, 115031317828952919431979206284647568871560201850261018886919570703638600, 21461555270709366598307883849627916448734026661954714640206550018484967, -47409466919849820708099329503181364877698688230949123953770867385950828, -42499932428998355614703056913627673088574406724104347544488219255408066, 1715105305461599732957529405150176060741417990083664346132835034557432, 20584461554180569340175376343636803456258381949205522804709553936692842, -8551151687992929757754579738712245082255590854975682081904530302171985, -47794839521673412072122698020055217424551300168739493092246797270656527, -44805531910819346273093954089833670305788320772821518288559901970348123, 9204226948701855788819629055517251250171295115822628951231817098360874, 68549817997395336935731775803668612290685533514409789706710819630169271, 77394570870004676403204918802733291377115917958883159259895519332861939, 23613081698198282826840516012016286204967468807945945885490090982802892, -49471977766501211426761480694833926511209907308840379449642898153720285, -82325979406858238556714325380329003297970228488389632544152154060124618, -50982301759024236088765274133552445667938995279980859378401628469072095, 15168479814251072432349130021267779918859843998091363586200141359710551, 61937330536722216514520446214585132729992336336670542289434022296588984, 56368137175924003070129611219189092792315793141038617689821688757634443, 10054288975178874185340647982786924303128809775935781280998558940414017, -36162788460399367170757738144169515798947831011873124610634398260650889, -48066624685386068297471243135292027900291868039043347012860715166683655, -22845416438587834108248461734937584783083235800563283715130902517391748, 14486835733901349087313551471846669577918389149355633058442993752001785, 34864458995040437577970819705529745399263504595156553239528786524134276, 27116813425128146316018001530624616722790463224508624200281190888119363, 2207461664673970953557093382910653028446407005331746620378276849743290, -19323873935307180901017310536054885552995873074237336686217094530600147, -23753125158293315000370201851588835796863653911125027263629609328728512, -11922899263931673957724739610227525201956939414487199962404734303405155, 4815683862359478604207946329329982776487621511213568207453335055703571, 14656836087977702804347878240462419974871634952261139123734584005180354, 13113384150006840077141109621197954039928433110578119046263626057997706, 4028475033262319839053775383543465625866047809437434702177174760036179, -5018406442014629233597593494792865851819476334671081565439926051659677, -8482255653968444225905872446156638434835016927528191465086875538876864, -5821323248276325250272204865212462097148307882564460404593254783847153, -502694459901783745027102367498647834613917638786419000260359732777769, 3307639697271702892142178213653578000102668437418349902911670298121356, 3646566863204231423039685499959941452954254851118182431400460961870574, 1442896308326748586344275658649399897541058117848657487498975358884861, -920651487278481182045687364060639792529473336005193546389494750076565, -1668417191153022223789902817018212762608069184303208517409660292871508, -729792594486218115764279931492863517976727488335131365542735860560312, 667041161207834478904021279229894281828261768449526440583515649353894, 1245763402714399561985867043365893878511599307955474373461792733335910, 660409985052542953875869532303118659504398147373750160282817340530732, -452223190307174235537426101124417544502046411006662880389526360901555, -1164162711828813132029576365118723865161197904311870497524154858638839, -1006340494235599676385823208429548739732946470806773078185109400800474, -215273968091680471516513091727409353132250722461771871820723387363057, 581101032643183814564703904850787891748981524050986903722136126823298, 878578788893218499708520341677085193681306837552648072750082749408405, 603631513672827258310388029886275103822930438209892590000156625530560, 56572068670591969428320695124746924253160842722672285069652053401662, -373627140845923044499277874364686535413993050943921860684502490158254, -473005091881456761854095742744090922812470847824962048896368386299577, -282255134615835586959057048025023082186684489533564816856171502756164, 2697301195081870415305849298526927946953648098054597981247766472130, 192854665996084628790146148680818784129932691158408631025544437963747, 213106155676734371629682153241273653314581120302600676577678455126382, 108254274242994040147980647132220183165194450129374719146413776285658, -21941208351673184215634550810158834840421444641863671894793581027469, -97118343960108427954246993245265581479446669637100886330810949637151, -94331853751624552472850011187439580753400749711464282407047057576742, -40925419885734301619580699595014457212309405130868342376287399162790, 17786094695286858801781073553862116508503436023406957499107102310911, 49130299144405649603214273344979544991977095056005705878280616562319, 45899867098272048320945519684137569190803944796886448155061671564586, 21056448818449544713013609659804523435179584144861223060878539947533, -6082939240815079607079060754225989770984959270572263171824485932730, -21761161506191303124499454262679605234001398280133994404690431276051, -22483766327978816831946305150621158315991879599999855284431083952787, -12991796676278443021609797208033037882619396798257983480781009072175, -1097392907069475133631036793570531857038388467769581839642187118082, 7008362028425169120316103200023772657860820773940257458731556702402, 9031585777297963688657635809476227231722181865674035971291895055758, 6293449071879541997692558521760106854307208741772418808721218517220, 1881087581230841653265916001896702217589817027088362310178560380114, -1435571354731362212515861718315462492582622321019190160415920112278, -2472173068242676468177061360387411843478985753978173544609275942457, -1691439891619577732673046548137801217372827390953153015309506941700, -368339219660990708207987775946672503700074906602791738670080587322, 427202085984765383224201725696661702497658344153930132675380404694, 393162095490946447396015148835643092550681442580004252582552510061, -95927682192579063291204423400204877541136106408665583303221187881, -476689204657495914464331097929177296830905687451927127130504063452, -445681845345638773648553329128157941850121986150365394953949122149, -88430914201221405451258795132311545893425324490937738022958371356, 295399996186967251290621234361226719607727532522134809314236831760, 457227325156439901463179924879340835780147023129734958864182266869, 349406630657540568704233272510946041135434783775979202664572073594, 98060153089906507971985229001520552229506215898569429528656501378, -125250743319997100906355124534335653328138525766282975666134966231, -217483235690784986593294835855957938289148910245894481598280215357, -178527461910089736982157405691602891664728307628237419598879809270, -74584878103931833106667114179136083173866789545523830659628259680, 21158059564180153021806532870980903518684592939245120970488789616, 68232245187999931020000520221783372025704043343505112767050927054, 65500513018992547293047726342679701696395163504787391820592167413, 35311262647624958940235589033189492829997215837019770364117772377, 3034024177848975361908632791772612260925432446095774246362653005, -15955809056001275215451237132066758607928049543930139898413144858, -18997292937243204218512170234680299795188250023298558875779684016, -11872210867886575211621842410199535559756475980428354740787428562, -2515953902484772458367999977226380238140701589581845373052523126, 3598180214483583423761485021270514269750301354638841362653606141, 4992193397783565667059838845258680605436346008557070926538548644, 3172093917208461679476238190049971651438445940511967804733302210, 580960457841459329072516344243165787415851424094679481744504072, -1054517980857676781618953941057053125816082094359696984662304045, -1303923491838032372328931239547854761706105999870536270676464446, -682170126257841120193248176612460606798614334208074696133093476, 53065705219866006368240672070603396258881594850732541025425321, 425513860827406016438552954860250267983627735249998749318141481, 377809335534633545469322556028747198492707299069838077593446633, 116969528006110854929601995871460887012568995409124098945146942, -117732125512107200255761265009227227696660233619377075295176566, -202322876185387519383602631688568748722551100119006648416131335, -147658258706015458940370587391855331071140278636727068857890211, -36670140781807528959141760209233280450794442753364616632455048, 50691354895028380266938545556993469861747488316471269083293561, 79073771058758438737365201056783911605683286634773824749684974, 57985354167017989182399373243740644683190244411017656561731720, 18217953770762906299598584811337469133364761524419406685108570, -12928138073150148794791095606409427059383200178192363257858589, -24052723420366717391837178425237684263115296263520592223238865, -18529126729478807213508136026306011146055719638046805404603453, -6344386049471657491073925926897883488225194351392739134300975, 3755512134452591698148527138612951080079915156806351407238187, 7941466309572530628874503018762959577266814062530643689263893, 6874914017943744573017976664262958007800336617460915826342482, 3319540353223246800983011156428145370315346277652797657212942, -109646592507580405871717698089864328644430667658603267268426, -2053706643770596901312601035622616121390582261833072914434359, -2414479833369780878211508467501838355982913630094787623791880, -1793733695337284633901266764157289765935529924015709974403987, -895964851641895065149551199282433038511446098110824317835262, -179472293930499986861879542266057295075722501488771121991713, 209891727649641020516306241365412273623623672250083946359734, 332354992213698629731334623666979530477211002002404941430101, 311703027383310870257134451052647807629601019460572654947700, 243328529328931650114742131230166855918390929153712042818848, 170871452147944130960629299862831301939960011042903916853796, 104474071872235342774495080915308614797145982394831411351686, 45424767501281831478907469767765338661404717012198162601508, -2100238595774566605602973740836323485509025024474234107096, -32324207429283510864732498814825015599845939132579820849620, -43223864842278093592132947083979833800667240004971376099620, -38707148843245444459382797742806043323286879557003429476068, -26330879178931983176183179692388390061180246116920799757476, -13314415500067638158764450670177699383681916777803022990928, -3858212455712107166585129859399269382073559130611195270280, 1165215707933633780539112794849716056871933761737351331256, 2911109929249606736444076097870355928816310955468931356672, 2998128906659732205325085051672576259097323691468133044672, 2563797992515779093636309095404544946405880797155505953872, 2079633413533225169937313258627119795031067934529202562128, 1603884473610733672011346302834608634998073395902151756720, 1092016665972501318206854573632178128810208784651845842080, 560583841665289438617814939361677729087297041302224778176, 93519555129835432353559612754858106844232251126875155104, -223631669569819305036999583502081438540396978965773964224, -358558689204357699471983557214724169074414387719535238976, -341645002534332899737339331017401262176395531439377626176, -239521674209135765929678649424359811110345199203308024960, -119465696917347118423302366725673511169963964441554631936, -25629705437973239723891794803958788420755185714513937664, 26485698960695226274622726434491444948849160809355704320, 42356996275193787215519241096466930981293489355218976768, 36452686638292418610234883007543222629100005205467888384, 22707730136927770229838024907611244076745892565668188928, 9995376568269007967227426220463158967210364569577947904, 1817802285244472779459985687190575186997179065254048768, -1884279157853405560966834472942793021249365730022379520, -2645556630834686414934675480879487957382169068644162048, -2060353751091965855608285391854638598852232988937424384, -1185776582608969416371080658176016501083681365675713536, -503664457041118652003404223692782956507009073432039424, -116141075045011077529034470975928838163029079854059520, 44267820733601890030084404025500713855971017899047936, 78543858354395099823880379234632982009982832793459712, 62595819553575895800032763293700225345354120038941696, 37213575370403786919113838956707291750328699811698688, 17790232562883012969840535028905050343301100387366912, 6656114323619221868912592625130113859029702071777280, 1553423953275560100636531363599447008630774197780480, -238877961978780863512295917537955861139802471550976, -588376577233348920348589634445348870806482185490432, -469782473362659358235862170111021038078104660496384, -283407062977697064665781804411206486383211139592192, -146465903407922254932901889802695662865312846462976, -67830723785583725212671381921749570356178769362944, -28766636599885400098266175363896287450773044928512, -11309011667495497723602889978357928480267120197632, -4152613278667548474581750010669838294112742309888, -1431364030196910092602567704922799205388241420288, -464729226909810633237894285212954339924420591616, -142467229489953776586701733340347113855133483008, -41307567631010200571986701911082864314909949952, -11341036863934412374497761305850597298617188352, -2950672396653030879678596406148239106759655424, -727836678684452332738923978577429495689117696, -170246420842103016132697284634330502731923456, -37760910085478413132521263696609185722793984, -7940180680134698105474456625348868721606656, -1582215563405782331432398744610235904425984, -298605006467654399677080772952101430493184, -53333530357021139570700444825309979607040, -9006950081906914568266216630058600628224, -1436668438102460554419432715415375052800, -216164889050343913567826376273201987584, -30635705592687628320885715064826363904, -4082796009794396523318540203000332288, -510677379131739559476992225674526720, -59821031593910177290209306557284352, -6546521842713883657700971923898368, -667422237383321033113585875681280, -63188276788266322144697778176000, -5535136933760772399971453370368, -446729472517070884059861745664, -33056739711127229947548008448, -2229909878416738239469584384, -136202296194926929158078464, -7471817536133515314200576, -364520450792613052678144, -15622313873899226398720, -579057343409757880320, -18186767820946145280, -470617571394060288, -9633446020251648, -146256118677504, -1464046977024, -7247757312]
Q: [1, -49, 1122, -16083, 163898, -1285680, 8240357, -45181548, 218778385, -954101545, 3796924640, -13938052660, 47595089035, -152064991368, 456802750059, -1296119536425, 3484514195165, -8897277010018, 21638721349621, -50221271065160, 111308277681807, -236021083562405, 479296917102177, -930357498100252, 1726694014200178, -3063449799037553, 5147077075254415, -8154009344181956, 12157866287073228, -16347666780260798, 18999102129678336, -18437434682446955, 5114589080950641, 31575396726488877, -78514346495848693, 198946310976407369, -419098629216193366, 400479706772931620, -766444128906983830, 1563996163773649747, 1353845057026573230, 19865861410769610, -5886212316539891018, -26945599997030607230, 1848247084751321641, 69489805159757999488, 239632844747088810065, 112473026908435946677, -770364272740959896592, -2173831128132578969168, -1668010095576716428800, 6444651620230364901289, 20222377695211064143237, 18204610455510492208645, -46702965081738912139768, -175450010739946248945880, -185062542025219563238018, 304485488923489931153695, 1397410510546930814639512, 1747325261198839811027751, -1710663185489355822609044, -10310062083595830930161505, -15092750504691068775244801, 7252941329881063459850343, 70746439738810360626276013, 119669993325643969689928445, -10547005163475073769429593, -449735625696048533881616917, -878112430153647178691366022, -205639484195428388503471992, 2630536998055877996646464665, 5990484056683747929295242628, 3064932421509126131541392335, -14021042125197209609960494643, -38053765271743207710262553373, -29097869605261661845038988859, 66764596401767585664148070854, 225226998526868324544905030516, 227314860268996133716240246142, -270589390034508452442784907258, -1240708248962895405644580144244, -1564638020200757033231589139230, 801925245194055220251126836775, 6333440163364885115637216892277, 9757707342940479359022119386284, -307858840130762236185876687752, -29686756830402386846937064849315, -55845219428365413007140322935889, -19454399242933141536104108226897, 125538638438825977498918567972194, 294944872679059169949626024805149, 199900945874745658884944626862663, -461141759701308831760724619589367, -1439060460624939734750220284203056, -1426322112222494387277503295337132, 1324877132833608270501319042113776, 6465024146331832093198107070776137, 8543452581903359739709356088437355, -1651052004178386819989525098591014, -26479797255564705893351571924524856, -45412519831196991502586248438906093, -13778058975536783129110365192000086, 96631856712626407111169136921470725, 218877301363387012753591379662425328, 152806131964532456655786742103891003, -296846528637710307441731613868558050, -963339906781749687914747976650634357, -1019904984605756494136573391866406843, 632214841018715599089863158053989965, 3862375370688446862652705749539072643, 5551273116396916448824809538618856083, 265405069197124658415938556578836493, -13923021565569028636387172330983056427, -26498376581595151444526062789440004632, -13164582026861274436901106541494275698, 43618321297742166806743312823297378440, 113841692094113744007435691561610065340, 98240857796547385195782942019829931340, -107641870121355658963766716377394076505, -443341256373380705788643975659405002225, -538358343109276574259456185213873506777, 124041244524188045281313409533856164730, 1555199783995538947109420108554789604517, 2504622701681588658275820779124613971107, 712432534324763131993680872563790800204, -4803378452262345553622724179049027120449, -10322455827208555330612091910785187621681, -6901211735939322844026139214830379270693, 12343797281576076183790116711158590438902, 38251656004906068059830690371009403973393, 38478119378942988595416526716405668014950, -21937003729584318769179733627574970226010, -128118854395916609463883434669091713276319, -172724767698372643438033861911933754091415, -4596619338223062652639021741968446861773, 388650227461847886867462047594148573322315, 680111060940607591199303764410204021680602, 281507607251633420780333259763730908925700, -1063918875332415901003175220159404800337651, -2452668316380248266552809904017163427789749, -1768088218085798266738310370934199936179236, 2529863718785355694047697571357256953899325, 8275456371870503591371613481448132405296005, 8372409265053514934009190190214046289709026, -4264170450129000727381639149463782288220363, -25779707761820711983149889945223689312926402, -34209632996821295922455828504169848648073319, -1618697937684386643077191508548714586000082, 70487198845865947135367090350103116385150888, 119976947052894263520039588164936358979025318, 49995443826648688150038129054300336266700310, -162994967438212813741924080088270129125202382, -353376320694962584023811758453005332002799658, -214823962750008245619214743764978566371650422, 375600235236279535766313826227001492320108954, 955336766595635800077941579854516747257098018, 551923828324641561828842325278423312820471120, -1314144736584782280311474890913004863590632066, -3204854026666299113186312629432302931990614210, -1722010744809096020261834746004970807514926428, 5359724594505023600575618945777021130635006624, 13855820183874154240676915470178037302963596066, 11523132394157926174721992333354103070599424227, -13050772492483584701976099404390111717434080582, -52016610955527521197609741517112431820875039284, -66825416079696279385498665515490180383476149360, -8456158355847757893579452631104215172013145997, 125657684473177629949893047860140044976364517078, 241036509781751378702916181392924284208136149264, 179905430544871049424278440925985573972607497223, -126778063088895789912732790299040069055072712354, -494127833700829403076269718671167833208464579410, -532171586963001708378593818596332268014060485849, -37067661457389818728569242807303814368732512536, 546055171136079328436636794269125973489096906284, 255648842632144274438828443828381274547237682811, -1225059611478847993410627400016570080708976098610, -2134346640060951107027025411266590675086291048298, 987177660482085652177569698551087297069863719462, 9478174802732609268044098255364120220456614221094, 17228517850121283418625217625962739883029778554696, 10373222680943887880797123167337489772578954613243, -21636902862633579798841727089533062905797473362012, -67050076022673726003778784258396772578856928597691, -83440498147990378452984455530879841714748016874020, -22183243161894444576550721483761601120930438731343, 116246920842093281363796458571953924613337306540613, 242581129462875809967829850260181088019562888016021, 220878411572895811726690553737382669839021154695201, 2153411919902320411489962903200655246863958777159, -262326119265334508264073671388362883141323046260103, -307612011912394228532860711861417711717456121902506, -81706647916484802912263174288303070734635282586961, -16116822597278202267255748446286007443575767691567, -732359478845193298797754443334319155850196715806036, -2046384072851470385399271503024567861328348918503319, -2118496561666502749249686929712683146646864323227810, 1676063686873913638899979654884704518481361918381490, 9496673387018358103912128875785506944655541858615294, 15641150511046898787151149843881545601167741783636110, 9837177187397993276342937979105210418064131935487751, -13741080553222765742900850214373936973528489032697743, -44584858360355940689879133343478313881113952366986179, -54457178758598375641852523130804906603971805187061944, -17510565880147715903843762720897334690430071797853112, 56773413155628365144284620841453326973236783585444776, 111169218291595628016296266244018263294247460377326876, 81246632313535266761433329357597707333885395520946558, -26021782813000545523327907553898936972565501498112652, -96499684465708377265064686692926945614961889300444914, -2468010260422053597113257923941382187921021878131573, 203882633422539014387682781879585338067293065082900246, 201562172311287381640879810615146446676229116904073558, -349160434286029227970746748298335707346849666279277057, -1272692938953287005977561507023422908654388865631077511, -1585862050379709154988786731441702315082900380238947689, -102759532211247401461893957978928166286438534944846114, 3106076497875814313720756169135602440808826792287376751, 5683247216921527863681239210630928404064415971319471332, 4144643187301833168683423886235123018323238554526010521, -2597551859521080428143890081392511681003507307048305555, -10271266960232656984521161432749347385986043464985040571, -11200398788601502312659646522763120562636452715338890101, -1985055151478335080674044554365051839615385296247626949, 9685169505938226240007702601310879641731719204364202818, 9317107314146703653445907804615408173299111783559856530, -7105595041117394022168942335128277873160842298115709431, -18651133997091030415021005312760971857710199832126603262, 7776965021593769648660766427701680482657587669885167165, 73502238488882293157178934314387174646067899975095670587, 112635038728282346267063059092059061914080688838801325026, 26475623233304911686071011494741552965203343620988347496, -200705184941653735327679817262132235765584971610387353918, -400830353030930042464266836190826328467399851990805259869, -291009750073656337608594959804483973210753729120725519203, 245117111047094833887895394089182635742565022754721461845, 879177556926471152423187837055256320688430765754294626207, 934691256424181912031960061718519777566247181578890343207, -3529179043878103437960561965263507787387848587499750176, -1411281918774266254820992778101135653319918612001293699311, -1906319289221226427606449213264184246116407747411134883282, -456036415451278383435532755527289798150130202885709494570, 2158347351891001626790956670532362749020858496639854909268, 3341825843822823750776269215155996519792769348028971042298, 966426673764457188600488483269888231154375330651489467023, -3750988822413727716018735812524600640331996179856406519864, -6145866675741321562917372462347448879731347526022512746364, -2305088751811633995615240851143619936944746253700590945249, 5763861271749601563067279109998591606774285280190414671719, 10256397080090333035655991170400954096752564235041356129810, 5194654815080829312580831019059513264723315712992606818842, -5407426600911638071606035868880808689294857002132274847120, -9891783267536627652115500941259932383313567850537237563220, -3179089524885652681779941745039659711244470251252746970053, 2864332988796145335962213079444966320530958746138559092930, -8203526698235615536741694907051784480954695464602219831825, -27969538257794916052685007708521949729166266863034416942148, -14888071235527218588403323927282258703866109590396287959488, 59912721350292438710555373459611351130306113073860966357640, 142733956600063639947434974663052532457513991888504205145794, 98837481320156392501507955422848797116634577206494511718161, -150977257791811015670750270667619162395639996237387878050886, -451146958115496394754213053242457432274614595713591927589966, -422765516092664314880928507558213385053372075184285600622697, 193852564012164836100855335649318670173111532185141591492645, 1088377904287989656273888387264356547275637039690131872054239, 1356544787650767261569252699531032277057031948351365276547286, 232018384129775240599653009761054374552502873178945680790903, -1879865967211412885157277672136587237902437902822745443073267, -3192090238551478837637037301692364800749322622570241686088385, -1880730179876500669047402724062962410717595415721988518126166, 1840611299132262303285903371785210251377927749017622618535071, 5077331418602794917046993622730043857330059252879966239168939, 4474980391025001809878607851900912031535826273248881762826056, -161022337130939291994566116900549455652210057129129792002626, -4711652859125330580982556864754845013470020813987490305783568, -4464084425075701637047242342069642541953678837477548797811758, 139171390336569866534545793637959806922055673257739240332258, 2500806645997557739180328559258536162321962466850846066743463, -2879601019267534982867732887227771115256827949458610598462521, -11087193045202971585209138951344097181906386807936426574417711, -7815428715925205539186791816762595935547622298352396447697524, 14510784434133685704811670386129721498245026881830597888570144, 39505782097309313381154321785302497222136871381593357828769684, 32876495836770918702004149400494700544183837077348866199009470, -21113876273776424685060236995651930581200106695115224176149610, -83690695752778413125750454942107317798279933014989162982567385, -76758084933494574825210941513461462158638291569715184797211459, 36969497448909508190235414012378168904276090805500011453982016, 174430285266346958157145921569072604745995825683952662545298518, 161241233835663196682540215405687604510680331852853617266964094, -96875499859691202145262839581032020235386961386663930615943696, -432552786749380435432497728530343167601031872426288703163185084, -455534705317656257404025264896641286626792585691198260247990956, 96847676051612038092903957573885646346591441564337654840542945, 947051514952036440257374345110251297600812360406265486628305300, 1280192557690494833862157262027617551149559048012725365085554123, 400577392264958672127070550282424893884060101557207468006997841, -1391414397901114967243756875929220661175751062680271533875306960, -2637224961007970629559460957715952099442725064933060923004932540, -1821791388723613070551468637827345149976132277890641720661843094, 970336746486102123680578893416701723048540683392061934450922900, 3556800756508461410353478477574224143533095522793997374141281589, 3389574650661941914062492430928139206533709069860800813793068518, 312548557700948649121532576343725032532619207917750535112693933, -2653608888609539933556384823602531277935981984645597838374051921, -2250280646292415043460884561643106184720403765439501522017017029, 728103166631112215532676923490116112808781786363792829584575253, 1080749006233751228996266773969440108994702986692354143953672943, -4761267583740050161488404709195189528874496129018722211462574876, -11562662276871447035905413667747462936352715184566910459716534393, -6853511564907317815523170714456673668776644403723195698166712153, 15366626990706905492716289683256981490836480827635475475522476269, 40279502941029046378164687164879579463388577975337984902038431287, 36660041866495787237400040689055035238927304884895136004852149585, -13824275174863442848373756039213634905934910757671898498473718774, -84832505701103016503870494980993717329711638115692079555398461163, -109025652164700483517959614180991027447816556460481363700170005137, -32146905995086254994721669905547741293926071889707227245151317134, 119344637224717712372313841575481732442422368328716714774423129127, 226546262485871819945401600787925375321095219906799618095763934229, 160124733769098877218192191650886568292166678430429976206266156435, -91476839831311305563079825786918294287969999934898901851315924446, -361462744005579015374456337306669760461025664987624889295973465964, -397420290633529604050907678348548513278464678942234123600124341455, -70931138138062645369640091828615308193639080903746040985999828490, 455006517336266738090778605394327074177622140715416552305360686712, 768645481761173749516454514786199801793629744195257042741228923952, 491959661639664780828991716675123081731113868338415523468822635071, -366063642570496864332035829735330752744229778655437061438833993258, -1265703005907234782588470851064010762693953459262952774737821359440, -1400954256733654913217492779543953933642439782827512044841870923186, -304582563055289257163975822687966091390948233021055216954060040923, 1586735169555531101898309762467925782456570504419806713057488505505, 2921586717893593818356054855722702688647814836377046353664909095035, 2243837467078074046478425745225913311193761886140239178195896675875, -729980842260398968084159415344628786317720118719010346098530372566, -4336002509152376310185657001838018420060220342818492296073557385257, -5657055558380213638640600078139858045474604602830095451271552328417, -2679805540421092833262136736733265044405021443965630978510923504464, 3535416523944500440708269913424702982210516923484267882456504942569, 8756665402181670542158869030551007715996906372349121204435177674458, 8406002905433414348781825075350208687074046877235481331167236459230, 1549149573215530718210199906685472301851753434464364309395926545860, -7474654603800902452163885244837989422302954348921224317980475018222, -11997637351174793851118373880217694446329405813232013885559851971369, -8677745612190223835237887542106495538146306999913709793266452350751, -666885065741907104381650638909214188135987911585131344946097389146, 5501260537926127495816424698717938754580685145856215708603655915666, 6967682022671445987400988748773762117675614745202479951377142772694, 7889042456633509834789428497971568553048382448761424742429142028211, 13579869295401541767542850595100335037094061031936023656552986706017, 19937578874324715697577898967204237116803250374812085965128131455610, 11247308909063470352822408526129778537489380350587974733646738497308, -24788604846657417056903096437141565705788354789882469354119527663498, -74019471691019145363787008804897080266350452533302464716257299126073, -90368842819833515613650537675949109809597635335330463272738501823720, -27104881643612400911270226308769868634371722824265905984542259292687, 109059050617622294595139773477079843037509427547046007290764535013591, 229599197587538069687213645546266151443888083754997849773910501413414, 207631375434856998888756741014095084052392079122917261307033796419426, -14993673893239094130737964602137960889774319748219408675838513093497, -335724765427054599844406095990018293737886813613210262763823641092934, -513010425293964755930381778461137830913274734612355044818129572428536, -328865977221242111729422480769043309207960758690050292245602177415832, 205338564747396453430629742010146424606974051008998590798520316952110, 772802454710171809695474041611115946088905280102953675240058320320661, 916651871405747367277687349126360368871704016146656140645858754429735, 377951649661519970245924745989738661812763125589165320519871850937954, -631053274671454388607147496302754172598483797358485557491718021176758, -1462202721828835289545701998320662274840337649801353637285539460266941, -1423193566849594990555173728474070099854645876365454252695004690912566, -299849845242028216857577671709602211967719474219155913139196627424140, 1363173661244611183474033228203213040240580210963829170893808615344123, 2482402396385337188352155015958883346494646330335458947729508167290694, 2095605188992840749123934122013185532962438352868168943456735868150848, 80284305276912607725874039699913821960387682106977683339349967792545, -2555288700665466404223911878387544766486605733278924821633959420414505, -4095126253965993615312246831404738904149096613046324376965655903766284, -3128646203003900807518552827950391537082044502157392390044776147128771, 378363653560778098527860012501435312985768045532468437764843462836565, 4659406161042199318129281116853667551176911332311521069530617533102222, 6852983742340701191374884643208137400851167811669807454696753191938699, 4713435038197487281176493343442886732143632171811703040343940900616834, -1549745986491580182115944263065637589930106699433183372617267960080132, -8608275326693404221334014720532087198807714854487026526636428770014106, -11458697325486846344004669224842908927231777776923441489316032195723219, -6646692054623282613201011772390825217215448415321091222317718872169504, 4582123855628522075846257120674611250919340455380321546944932555189128, 15705946351375716221265062661789471050813464514420196298918684955485770, 18277530426644756190131848934498833171067476647743804647435152673026515, 7863122192407613507037461750305240201048578322513361314039809429631437, -11315354896227436496650817060994314532139153623835352049158057266345763, -27131889590843667701197658839215345748429773008971421306705741759984214, -26720754255714435751516051827840702292168582116514583431245975451657246, -6221231708064741432932755886508793338183365555419531359610953930802586, 23885036746684332122456482847284049557217380011880433949018906962404254, 43222531599600001872581711080461563162461086600199225928040356701233117, 34769473607780190498718790188986526250108472484669525761144237058653035, -1301456624705110831826235485623739527977684605125552336052828625262778, -43871466969245370858571151424591897901534637604336446713749766611104404, -62470391896041134677359260333216929818172793904365493828207987603992851, -38592305898517752899684031773646859116377995799570550247742723179086345, 17805990320995699088432523578738846479723609128398382208068127734054710, 70501299660638188379656094341667835806417637424579845894074868178905468, 79899119128164510795293960481418351754305791295175593776032657012133248, 32639637432591917868458941309858684134125387282709287847512856822771786, -44101920265613321055677147369838518231362890972296258635418674130683285, -97479573269530538000858626975944937812646314124043173250055097811382866, -85931416035442910960172905597317845924193954501771027153983240285265393, -12241101209715519814280845538088251520546041750194139588724889048211375, 74080290613201877891900336436314481236991504872052451119620111164812419, 110734137995440066348269862340824387239627981496800393452792691463308787, 69633480641764153194991840359573084042745653717591976722437175860138890, -19674219549487518223487975345467852309498874189327047394257986277076717, -91035397146608065877374969470903936291033662275057999658326744132867913, -92892977369375822147248587857727779216387388064956992651339264969515240, -28966819104254150112168907317118412546385571816418983453266676679118568, 45956861283722403314840838840964432832809272522699431076225133069557796, 72768112393783440464455275642490896028954063283342688051530447339205706, 37792577517033444487239950593108919755515427230430051681118260629127554, -18110203093054717961568357646041944404848544756600706200277805228997759, -39627270669507806078728754610649811740909773454971642815187371532437417, -9866931043455836424975343600566375346558951044471384942221043080809984, 33710976797277331405874360540223561323229570751469781406006570937906755, 36955770691881932003924111341968441303828530361950461029407832301715712, -14291090433025945679334238398967220624219434799056703146121596387299815, -74152891338745536700739646732975551358980171731365524148526151479426855, -76908583068118520532829450689827710902463559584483974592557372208673006, -2870122540120252372167271780856955787398334236767139729839415438981659, 93652013351585246676806966798880264811885674842655392841961001158748776, 126548640608130160540117435695854373307537428314809879137220456124760580, 56444769161214626938001264026230750415584771015051502011795569632815860, -66968909220610580529512836642702402169522654842001261465906446416822047, -142495924002551973705252590724854054114991774033302111143378419662215794, -105306385988417842442889491111562700561565319821664219391877460489734388, 14006780747922668061033153758032034977450133682947457445208297171229195, 114965577124674379062215763473378251783686211356622269238954683698992451, 115846020063467020782552681363977298154864120923682645323817449936037850, 24695195576609810874459757599304496269603031849485812753135970674437584, -72138973147852237224926556021647185365812786656564435752262851845926636, -91691230246562236910231243697688689867315937969135002814700627787421980, -28638314396560726706740167667401624311073179761382055961157098319154535, 46638202481110165156164459929919485641544542362332811306105047192190984, 60802155949503651682919641931464752049134634823146176013242485090486203, 8342151551874830920883353556620237310793418793220323117760789119832365, -48014888986220030451636961782724864908202080976097488350948024348238235, -44889667049657027697262888782235012478178972475820281672982796968157528, 15504190544718421839634518527675853068770252237958071774660315024844686, 67297840256274047635298768269558348142256486893853238171961360251212624, 49157000935992631071692679931155371190306873582317372325237546823048632, -29875472403103788827378915307028756725669056020724421559222907921118389, -94110100758528464065166587003963086367177062400611929241058690609063950, -73507540335144698939743761614767610050278282344477496816551620362873254, 24765528226029315063729952548616862943742214447202071376549203449894226, 116286558999318853906099159552420150818785328425945000640613336813111223, 114210040212652140767388193345077106589174354227241759306488654487557791, 10592392898933139194930386143742446431943520922615932727496133266761885, -111831638940113290892725371540663050837513451052988125649506711096263402, -149825035393022830448665796086615769160110015374822950141136626910411577, -69202449524719818002155325322362452545674402285838902156413122934031517, 65792347852533894201215074937584751485144057327657856134139102035879010, 147810055869189773351969758012465170201177226032497100865683968415959370, 116033073216634413817165397772020737051511262229596636540672969393371871, 2563802030038259317642908035725146521001223058846461559688843004231359, -100300983286620597941042160361203161864964528535117538061248568531690990, -118379986120412628480698735248924202062887180405500139855818546949650627, -51049236998944563466883924385479685730925661218485194414635322342398540, 38453054618132326562362751918984931632348118508262722095196055120591575, 81553389255311702025819587429832909923287498805159985618685873595954221, 57686435246234856095736767776589336982950373325467530186389888250192604, 618743288434984158631077095869065038238413916251646934264950958836842, -39120765996169891015579024729602256906012986272303610431992134284151978, -37308059921331984934744666810775605611459794351550693432615397351312824, -8641028832071040508447940461989956320699520978780468056972532091563928, 15103854823285510600803918738831872609578104504342090719789154908178373, 15882227663587500873539650826842348894857065770195031317520559007915758, 1186197721445791114840721523622056586874666331667580017664666664344280, -9251553892908773839773746112820006383426624423092416413952088224098217, -4875110252032969141959622393469619345997777167217006863504449633276063, 7135567743057899354493003431280207732515903987202999631297769124451693, 11834581431747561576503579009695804041141273613107160574170089681338237, 2798091100161518922921204279436883447948549364721388855210037293189748, -11592873130016152173799548200130380594191496970441650262131963660573631, -16880529190634151895229537882130972245821748045292681751315963808108195, -6796336641649629475698918455538679176957565231675216726596098572863860, 10660554138663238032985015136497752994398309589477054386444247297610696, 20483725218411929737709187504300446702998240482152158752921045742442830, 14029982601421090804623544068914672312051197373225750162381574015514860, -3620861610801975880706827616295069977286123395079579507188548380271946, -18332997870766099439362601723874138569207602285604974760530948000527401, -18880929620291436490966141003219610692079987621834730729274955909321956, -5733059518279368558165665522893404632297548722700126050886487811568686, 10250846329700373901090771227904452088952531129437645828566673416892078, 17185990660938819746023192377842898254781921255638758618538587884950489, 11284945884368856728496761982420846995889427775807727879665007810697749, -1375913160176632869214799537327065949845232072134072047490916006130571, -10809741735678865452869168581998332689177253820952019577430511092538098, -11068203633504459024886381681366837996749018680151542354525483682150079, -3821940756557256804932452790550925166626715581599162167270607266051542, 4338393743411150868083576346290300413311003832554731905834297960539281, 7644800149049271931437257412732543193827783705985990412525644165278075, 5045801142231656721893298879105236594830910701841855919408977813549918, -197271416678134496364164918642295813227005276523066717359285083719906, -3886699459581327256804112849667538717014776889495432028357417332647515, -4034446971918135573052096833079745140403308999738851722481832703341097, -1583053023897292953900834706621014312303421863003245846277856887018831, 1112767162132624089679801377626897827206614046721788880176059570076364, 2293509315505976653758880105487459525591563784879698060019872919203227, 1739876286260532213749000822154973936623872912054291207262555498941634, 372158192018559718327787390908045901813531806610190825318990525733423, -739373482308219392205508272508726016078447690947322102698504114780066, -1075277367637727272880223755789831337772201500445983315441805378311827, -746274419207931127110319153130243878729482614361284503635121204127226, -169363234325901305667087555289534535030599653310048088677801111461219, 282464278679454443429096662352057018274478033902359869714043665544781, 446735934171898527743625348464672823631910597402065514443184889344886, 358686047428130477372513315350893277460934545640846746089325357547083, 154693329282489054151465265770075952421906607849900554528007810956814, -28806835658903530646518429657424788937407439221454918864518247832223, -120544079785708223014518649563284751062263527323146885592371592303387, -127058419552568045868869498442534109119451843803875988086889763883308, -97647134220416226699721274448048825078831223948982860736829233155495, -72587295015044648315889344002446975061859194943711256429452262634666, -55218349200026520317746579094088430547586651873543074672252061545682, -25347096904648520488142003776919723251200634502497452761949648207267, 26470181627998982329038091485026693492724984973794915870481376715924, 80590873999416406101165060236222541023463178099600101404745063606092, 102920726942890578265178740988587649110288283736931703360423533687615, 75807097376852454875948752063931492618455034244216531016687547808681, 14592406848673348371718806609334495686844292474421937666035689677475, -44262022207451978785084950085961700577632913276922655730093617198882, -70491623492799383855454789225323512099206366065372017107026869104489, -58601418539835098762917843943898329236817341651069090315338941449399, -25264822879948238983339217623599780763354746887036456151625364813023, 7256189204903532435515607878429092044322399614493339703620483139368, 25663182167694424179001851742647661059294145285150495870204045782513, 28760624232437760375179028479582116764861320774375301919431069151122, 21813263016550169003044310277841607814515571766839507226821529093024, 10350037664062724296223538702353583591907149850889829440175983806855, -1746839438652607030087487157426344593093650364087624718942038942843, -11199733939911213400857039969150152248375503355776962093893947881686, -14969594887475826766881033588238277346581481785702888000916328030557, -11787738028138550301456086151763771027941466676335251157854834432819, -3677587585680044138906471609447776250742723979421527841460288718093, 4740014456796278109157995714363126249654119125824553460594081288313, 9050851278697409382753996773932667447235792689311661640182533913846, 7741705098801557240762182629741140068063774533278894855337211506091, 2720521957071105897066482688369364074999461973142387713681321802764, -2455493572906814280785962811000095050210134729566792322390809017243, -5024804885925329622462036337263897077000075967735804449584319292764, -4381047191622238471188496892953637855897826452243160504036835872335, -1777389570425969939407682177959289199492506206470404323255197577398, 935484831927227834676587697134204456316928445887844987628775519598, 2461848839065485793026258206412444175964338733712343519243263212081, 2491778944585664568805429875032600861580588423297829111664858173045, 1473917641042819338274332007681397848431940265040360301133311123450, 136774980134309138369465120566324807747905853728392655270079441301, -901058690209659671515326769018474167672263139549370628121188070297, -1318184553950592910680985212692896436198178943806339374959425939168, -1112032218024378617350264824884155126784511879298254212859548633601, -517912799619699854265580838059172369127043010971293193184981546816, 130372635783932393430357465551224204153323620959022439585788074979, 553075262523431464714836208514171445270966101452418336615037174886, 631854012108282720151185296935873248718619748702996830698948872917, 427142313827198135539296206404299222710010911537214751928521326503, 108186690233687798815929780109064761186165329239107877505719421076, -153501437452054773063796176462906610022320598074043329190859423096, -264326089070592510117939598395044374855820283074626554840751804199, -227854005137368582888723864973949758716043446428228916353411337549, -111120220704003415390933731536578010708762538663287000398327666247, 7890386992244928702056486521704013955271153082689904847259400366, 78999506792443109186680363811639211131117815786114625184881194819, 91239428482593105653175054542314704491997019058237013839002359436, 62306435337084480078901681676130439370223883786183745067045759742, 19833097518526355774463270563921547116489756162040485366905376874, -13892005993138501803490285250918853363844753348043585127564554579, -28796365375016713064723165730620469654946432721887009906848543725, -26252098869011649175250500013790492010696957237863001107357417483, -14102505292582400525859560684347762201022451512080627071545349997, -1053373432565533903491164009211937154692980049186770894482511789, 7178958104602674192362569515599645628236649890586829438553204254, 9091739596087914320690982854847230469533557972453603154789452108, 6425720128562087151514779218807774232249749630853606933234943291, 2176799796570148606663262577238744746179951868270182764554189378, -1190277220895171860801159332247867593108973176404924579567404505, -2607842215460367931519989408714578837020413164665679743371215024, -2305061856462353866773077492390357033944941552849792737938540764, -1163372870932305746221557865857203006266794960326575367755489822, -45154002664739314565320841029912724718405798886901863590718541, 581191097095004574250179312733590005754239181841000428935714864, 672836768742105683229203026272402646064164934489651150670485912, 437989128578167282856754689168774657598073133670777951462001655, 128926354314624373316132296058615912373414982055837725539712581, -88218483152272585880733030670302667636230913111767870106680328, -164668494176457873097505799181567648844869229681792209083247169, -134600247887171248126995908362345861507682291547024605129803958, -61462081330050273122116673522637940709812146921027522601352178, 2852149455814759525430346270230910785463083125302756399449055, 34807796965576143708736401995865632099085938803083084902875436, 36125824863868278981883672573123526504362000152523883119691627, 21198083127730763602397134200438515415102506949653478282095474, 4715339225323544678756003127094196590008700461347502814138600, -5134481425197265659640404239399162365038697681487740994851087, -7312966476620871002519247070031627525605930073637634620760832, -4909803321419085469143879461431963622037612801145516960618821, -1591897457299884888797891814162156088562297611843589751283580, 484905763486306371142802844719331897834964254424460114547961, 961562270123153698230769301008172158708439897878523896576298, 504852189472289242373843516732249792362718259352652202227748, -88100415947432714278103416864483817172573518465820819808175, -379554575371392488576828766929337759492665453433379121383650, -332010329702115112476764385010633054180729506194206086632389, -117275598013266252941434434328902854441489412185725697702656, 82860152676505350091608849002773394549205483827834229998153, 176985520006253585189021168754662118678677836187950268755982, 166901106244808392516200383015581528636207660025832886541591, 102455245410003250400792530532970582333424973145215524660002, 35020721791010736121329469578879195735396207396957697063845, -7321400960737910776364069936249790753342128372082024744688, -21608708037255002488112237211180513297234193455624438464548, -18922111131160477676149676634049423333105338794090204842620, -11856968394289650248789695941608038316915402004395980012394, -7430862359813474399221837114115505642576110542425257476540, -6462668141524308334791597733733818990880118693058605230720, -6640311737136701204868788088010370606474530990274448288388, -5805005966175703393749429625319277485244976586759721459652, -3475602504697001027565777034929412205835160284101239266116, -559785352984461805358930130385200223365788178891119756372, 1724537861117550367677282187851783451456544963122886374384, 2703868810350721615661771731385456101848272984433192244664, 2460909346683867435820129828918603925342947052432059618264, 1547993313383513786425067660198365490579595468078681729184, 566685249508201380600035010938831332026189520673177761728, -109468660587303726554747003918559431479096018049499340400, -391579526201735050924516831079993054363121271159946276592, -381718722871465193953082273283709010591330643397679063888, -240710332865701475718113732097437867286971091792128287584, -94795786131364812100720296016447518860782324240193978944, -3193882959500334988780060319079547204514289299047851744, 29865261972192369144727354450066572994027555278028460608, 26592326810396744941750894190528199755515117216299823808, 11455349313235481396553963380455939798821800161783112896, -590935458688015627613529000715691555778317380257814144, -5135385103535937522114184451139695930863548944893751552, -4099024597861609265731763957421499807268484548102591232, -1095950216207623057669682709131393447225655748995611648, 1297300626188026741065686853405569800497954360622179328, 2203710054058694758180768718798818894238374065013484288, 1919443046679048780124629557830001952072423413955499776, 1129220644306944971376365184146618924737098672197575424, 381200261722210188624073062021248365692484500538443776, -80771745034479355337945461312517591303224361173502976, -254062190706350441048584125748615682819398823113898496, -244397644150135925322357945122081708857841838126722560, -162845380602765195240858415936172722761180821750723584, -80265277734037360779144381419741203299019398707021824, -24778508156760225576038376911668213910656532726497280, 2464118265114480030181027006312355280609098543111168, 10824613997455886080750845193515411885719916570835968, 10074700243030462211870696706518177464178895528817664, 6624412016181340574839143325542485860729970800400384, 3472237283728007782745448396890586297210745875101696, 1450885457297620031094503039146278829162362832427008, 424483996150597885964132210202029172748545749377024, 14457374621910894530392076200077339256523068157952, -94776520484396784749532491790315628998406477860864, -90413743417185240915052568033786668107184519254016, -59517230984237467373999006507667944510253327413248, -32743435412039429532691976797437053935672106958848, -15971166926578411057586323544711752845861694291968, -7092789736998531528769949354313849329795914571776, -2909510009706328003543521814559644117443513663488, -1112076344708067679815658293131559082176743505920, -398314613113505190874217294789098519419100938240, -134206058538479223787225919047897968826856374272, -42652442802485307529208067337249554230081159168, -12810548425887290708693307919801752508639313920, -3641001240744530258867085666962629781763129344, -980150502850666798308467255286375541329297408, -250049148447902176047558903657518594706767872, -60469949552326920352470144108435315852574720, -13862886418391963938961261792218096864591872, -3012279896442896721983746074767897281429504, -620168855512283229173745580828624621928448, -120910891710678559482636863487393204273152, -22307685632018733626576387497305451790336, -3891304592952076718435486730106172866560, -641105097809622768742609491504355344384, -99636518331386949729981885440229113856, -14586140211876477469526354512535617536, -2008075673730850129904818318935588864, -259490662809898822239986291215171584, -31407716899149199528925560964120576, -3551949469269752149495983948955648, -374290274204391031872786651938816, -36634131366179690987966982782976, -3318341183261762103458981216256, -277009424827804077730583019520, -21207711300305440771386900480, -1480623150996253140100055040, -93630694205120046461616128, -5319906426688852312719360, -268921668197515727470592, -11947400017301437677568, -459291545501146546176, -14969031412068384768, -402187989112848384, -8553370730102784, -135007599329280, -1406064918528, -7247757312]

