# T_hex(n, H): fixed polyhexes of n cells, bounding-box height H.
# Row-transfer DP, experiments/hex_diag_deep.py --generate.
# n H count
1 1 1
2 1 1
3 1 1
4 1 1
5 1 1
6 1 1
7 1 1
2 2 2
3 2 6
4 2 14
5 2 30
6 2 62
7 2 126
8 2 254
3 3 4
4 3 21
5 3 79
6 3 259
7 3 794
8 3 2338
9 3 6716
4 4 8
5 4 60
6 4 304
7 4 1302
8 4 5114
9 4 19054
10 4 68580
5 5 16
6 5 156
7 5 981
8 5 5072
9 5 23608
10 5 103086
11 5 431664
6 6 32
7 6 384
8 6 2870
9 6 17222
10 6 91396
11 6 449452
12 6 2101698
7 7 64
8 7 912
9 7 7880
10 7 53613
11 7 317641
12 7 1723235
13 7 8809481
8 8 128
9 8 2112
10 8 20688
11 8 157048
12 8 1024688
13 8 6057414
14 8 33454468
9 9 256
10 9 4800
11 9 52528
12 9 439624
13 9 3127625
14 9 19974350
15 9 118262035
10 10 512
11 10 10752
12 10 129952
13 10 1187904
14 10 9143786
15 10 62676790
16 10 395568162
11 11 1024
12 11 23808
13 11 314880
14 11 3119984
15 11 25821292
16 11 188969733
17 11 1265602971
12 12 2048
13 12 52224
14 12 750080
15 12 8005376
16 12 70860952
17 12 551242228
18 12 3903184336
13 13 4096
14 13 113664
15 13 1761536
16 13 20142336
17 13 189840736
18 13 1563901604
19 13 11670033805
14 14 8192
15 14 245760
16 14 4087296
17 14 49842688
18 14 498253760
19 14 4332413952
20 14 33975749630
15 15 16384
16 15 528384
17 15 9385984
18 15 121577728
19 15 1284682112
20 15 11756477024
21 15 96654190608
16 16 32768
17 16 1130496
18 16 21360640
19 16 292866048
20 16 3261334784
21 16 31329883264
22 16 269430137248
17 17 65536
18 17 2408448
19 17 48230400
20 17 697751552
21 17 8166655744
22 17 82164269952
23 17 737643343520
18 18 131072
19 18 5111808
20 18 108142592
21 18 1646231552
22 18 20202337792
23 18 212424824320
24 18 1987262172608
19 19 262144
20 19 10813440
21 19 240975872
22 19 3850285056
23 19 49433482240
24 19 542202307328
25 19 5276857451520
20 20 524288
21 20 22806528
22 20 533987328
23 20 8934916096
24 20 119776815104
25 20 1368018533376
26 20 13829485730304
