# Exact (size, #holes) counts A_k(n) = # n-cell fixed polyplets with exactly k holes.
# Primary 4-connected-background convention. Format: n k count.
# n<=14 from per-animal flood; n>=15 from the validated holes transfer-matrix engine
# (#28); n<=14 byte-identical to the flood, k-sums match A006770.
1 0 1
2 0 4
3 0 20
4 0 109
4 1 1
5 0 622
5 1 16
6 0 3664
6 1 166
6 2 2
7 0 22094
7 1 1456
7 2 42
8 0 135609
8 1 11788
8 2 538
8 3 6
9 0 843941
9 1 91300
9 2 5596
9 3 144
9 4 1
10 0 5310754
10 1 688034
10 2 52268
10 3 2082
10 4 42
11 0 33724862
11 1 5091820
11 2 457754
11 3 24144
11 4 820
11 5 8
12 0 215793158
12 1 37209939
12 2 3841776
12 3 248526
12 4 11482
12 5 263
12 6 2
13 0 1389673091
13 1 269452496
13 2 31290820
13 3 2374520
13 4 135235
13 5 4808
13 6 96
14 0 8998648488
14 1 1937956658
14 2 249306876
14 3 21556520
14 4 1437090
14 5 67020
14 6 2186
14 7 22
15 0 58548155506
15 1 13865448048
15 2 1953275736
15 3 188568632
15 4 14261808
15 5 804084
15 6 35086
15 7 808
15 8 6
