# The dalby (ARM, clang) run of tma_holes square8 18 --holes, committed
# 4b16c63 2026-06-21, identical in every row to results/holes_n18.txt (ayr,
# x86, GCC), whose header carries the provenance.
1 0 1
2 0 4
3 0 20
4 0 109
4 1 1
5 0 622
5 1 16
6 0 3664
6 1 166
6 2 2
7 0 22094
7 1 1456
7 2 42
8 0 135609
8 1 11788
8 2 538
8 3 6
9 0 843941
9 1 91300
9 2 5596
9 3 144
9 4 1
10 0 5310754
10 1 688034
10 2 52268
10 3 2082
10 4 42
11 0 33724862
11 1 5091820
11 2 457754
11 3 24144
11 4 820
11 5 8
12 0 215793158
12 1 37209939
12 2 3841776
12 3 248526
12 4 11482
12 5 263
12 6 2
13 0 1389673091
13 1 269452496
13 2 31290820
13 3 2374520
13 4 135235
13 5 4808
13 6 96
14 0 8998648488
14 1 1937956658
14 2 249306876
14 3 21556520
14 4 1437090
14 5 67020
14 6 2186
14 7 22
15 0 58548155506
15 1 13865448048
15 2 1953275736
15 3 188568632
15 4 14261808
15 5 804084
15 6 35086
15 7 808
15 8 6
16 0 382526638033
16 1 98796744112
16 2 15103433472
16 3 1603972074
16 4 134769521
16 5 8779911
16 6 465138
16 7 16410
16 8 314
16 9 1
17 0 2508473632910
17 1 701664375696
17 2 115556223626
17 3 13348948048
17 4 1227552608
17 5 89826208
17 6 5490242
17 7 251104
17 8 7847
17 9 104
18 0 16503616943998
18 1 4970078092354
18 2 876484089730
18 3 109173877126
18 4 10866411352
18 5 876032532
18 6 59950610
18 7 3272674
18 8 137298
18 9 3460
18 10 30
