1 1 8 1
2 1 10 1
2 2 10 1
2 2 12 2
3 1 12 1
3 2 12 4
3 2 14 4
3 2 15 2
3 3 12 1
3 3 14 4
3 3 15 2
3 3 16 2
4 1 14 1
4 2 12 1
4 2 14 8
4 2 15 4
4 2 16 6
4 2 17 4
4 2 18 4
4 3 14 8
4 3 15 4
4 3 16 16
4 3 17 13
4 3 18 10
4 3 19 4
4 4 14 1
4 4 16 6
4 4 17 4
4 4 18 10
4 4 19 4
4 4 20 2
5 1 16 1
5 2 14 4
5 2 15 2
5 2 16 12
5 2 17 12
5 2 18 16
5 2 19 6
5 2 20 10
5 2 21 6
5 3 14 4
5 3 15 2
5 3 16 29
5 3 17 36
5 3 18 48
5 3 19 44
5 3 20 49
5 3 21 24
5 3 22 10
5 3 23 2
5 4 16 12
5 4 17 12
5 4 18 44
5 4 19 44
5 4 20 64
5 4 21 36
5 4 22 24
5 4 23 4
5 5 16 1
5 5 18 8
5 5 19 6
5 5 20 22
5 5 21 18
5 5 22 18
5 5 23 6
5 5 24 2
6 1 18 1
6 2 14 1
6 2 16 8
6 2 17 12
6 2 18 20
6 2 19 20
6 2 20 42
6 2 21 20
6 2 22 18
6 2 23 16
6 2 24 10
6 3 14 1
6 3 16 24
6 3 17 34
6 3 18 78
6 3 19 132
6 3 20 187
6 3 21 139
6 3 22 162
6 3 23 138
6 3 24 63
6 3 25 32
6 3 26 6
6 4 16 8
6 4 17 12
6 4 18 70
6 4 19 128
6 4 20 235
6 4 21 232
6 4 22 318
6 4 23 228
6 4 24 155
6 4 25 70
6 4 26 20
6 4 27 4
6 5 18 16
6 5 19 20
6 5 20 96
6 5 21 111
6 5 22 206
6 5 23 198
6 5 24 166
6 5 25 90
6 5 26 38
6 5 27 4
6 6 18 1
6 6 20 10
6 6 21 8
6 6 22 38
6 6 23 40
6 6 24 64
6 6 25 44
6 6 26 28
6 6 27 8
6 6 28 2
7 1 20 1
7 2 16 4
7 2 17 4
7 2 18 12
7 2 19 28
7 2 20 54
7 2 21 34
7 2 22 76
7 2 23 70
7 2 24 48
7 2 25 30
7 2 26 30
7 2 27 16
7 3 16 14
7 3 17 12
7 3 18 78
7 3 19 174
7 3 20 275
7 3 21 374
7 3 22 594
7 3 23 584
7 3 24 525
7 3 25 486
7 3 26 373
7 3 27 186
7 3 28 82
7 3 29 16
7 3 30 2
7 4 16 4
7 4 17 4
7 4 18 68
7 4 19 174
7 4 20 360
7 4 21 654
7 4 22 1116
7 4 23 1172
7 4 24 1306
7 4 25 1186
7 4 26 950
7 4 27 536
7 4 28 250
7 4 29 100
7 4 30 16
7 4 31 2
7 5 18 12
7 5 19 28
7 5 20 153
7 5 21 294
7 5 22 730
7 5 23 938
7 5 24 1299
7 5 25 1320
7 5 26 1187
7 5 27 710
7 5 28 420
7 5 29 148
7 5 30 30
7 5 31 4
7 6 20 20
7 6 21 28
7 6 22 164
7 6 23 238
7 6 24 508
7 6 25 612
7 6 26 752
7 6 27 572
7 6 28 392
7 6 29 168
7 6 30 52
7 6 31 4
7 7 20 1
7 7 22 12
7 7 23 10
7 7 24 58
7 7 25 70
7 7 26 146
7 7 27 148
7 7 28 148
7 7 29 84
7 7 30 40
7 7 31 10
7 7 32 2
8 1 22 1
8 2 16 1
8 2 18 8
8 2 19 20
8 2 20 28
8 2 21 44
8 2 22 122
8 2 23 108
8 2 24 128
8 2 25 144
8 2 26 160
8 2 27 80
8 2 28 62
8 2 29 52
8 2 30 26
8 3 16 4
8 3 17 5
8 3 18 57
8 3 19 124
8 3 20 272
8 3 21 532
8 3 22 1017
8 3 23 1227
8 3 24 1699
8 3 25 2029
8 3 26 1996
8 3 27 1677
8 3 28 1414
8 3 29 1004
8 3 30 524
8 3 31 194
8 3 32 54
8 3 33 8
8 4 16 1
8 4 18 57
8 4 19 124
8 4 20 390
8 4 21 1004
8 4 22 1951
8 4 23 2964
8 4 24 4375
8 4 25 5502
8 4 26 5790
8 4 27 5350
8 4 28 4817
8 4 29 3446
8 4 30 1934
8 4 31 968
8 4 32 350
8 4 33 84
8 4 34 12
8 5 18 8
8 5 19 20
8 5 20 148
8 5 21 464
8 5 22 1264
8 5 23 2283
8 5 24 4306
8 5 25 5981
8 5 26 7236
8 5 27 7303
8 5 28 7074
8 5 29 5075
8 5 30 3348
8 5 31 1662
8 5 32 668
8 5 33 198
8 5 34 24
8 5 35 4
8 6 20 16
8 6 21 44
8 6 22 286
8 6 23 592
8 6 24 1661
8 6 25 2756
8 6 26 4360
8 6 27 5168
8 6 28 5844
8 6 29 4846
8 6 30 3522
8 6 31 1904
8 6 32 906
8 6 33 240
8 6 34 44
8 6 35 4
8 7 22 24
8 7 23 36
8 7 24 248
8 7 25 413
8 7 26 1066
8 7 27 1490
8 7 28 2246
8 7 29 2360
8 7 30 2144
8 7 31 1412
8 7 32 776
8 7 33 270
8 7 34 66
8 7 35 4
8 8 22 1
8 8 24 14
8 8 25 12
8 8 26 82
8 8 27 108
8 8 28 272
8 8 29 340
8 8 30 462
8 8 31 396
8 8 32 292
8 8 33 140
8 8 34 54
8 8 35 12
8 8 36 2
9 1 24 1
9 2 18 4
9 2 19 6
9 2 20 12
9 2 21 44
9 2 22 96
9 2 23 88
9 2 24 206
9 2 25 292
9 2 26 318
9 2 27 258
9 2 28 350
9 2 29 294
9 2 30 160
9 2 31 114
9 2 32 92
9 2 33 42
9 3 16 1
9 3 18 32
9 3 19 70
9 3 20 194
9 3 21 530
9 3 22 1068
9 3 23 1682
9 3 24 3116
9 3 25 4244
9 3 26 5338
9 3 27 6260
9 3 28 6991
9 3 29 6192
9 3 30 5198
9 3 31 3964
9 3 32 2748
9 3 33 1334
9 3 34 534
9 3 35 154
9 3 36 24
9 3 37 2
9 4 18 32
9 4 19 70
9 4 20 332
9 4 21 1034
9 4 22 2380
9 4 23 4508
9 4 24 8772
9 4 25 13110
9 4 26 17808
9 4 27 22610
9 4 28 25146
9 4 29 24710
9 4 30 22180
9 4 31 17976
9 4 32 12348
9 4 33 7152
9 4 34 3338
9 4 35 1274
9 4 36 358
9 4 37 56
9 4 38 4
9 5 18 4
9 5 19 6
9 5 20 134
9 5 21 480
9 5 22 1476
9 5 23 3632
9 5 24 8440
9 5 25 14698
9 5 26 22592
9 5 27 31528
9 5 28 38105
9 5 29 39370
9 5 30 38120
9 5 31 31140
9 5 32 23260
9 5 33 13956
9 5 34 7040
9 5 35 3104
9 5 36 931
9 5 37 198
9 5 38 24
9 5 39 2
9 6 20 12
9 6 21 44
9 6 22 304
9 6 23 930
9 6 24 3140
9 6 25 6616
9 6 26 13068
9 6 27 21260
9 6 28 30450
9 6 29 35202
9 6 30 37778
9 6 31 33764
9 6 32 26790
9 6 33 17064
9 6 34 9556
9 6 35 4126
9 6 36 1412
9 6 37 308
9 6 38 36
9 6 39 4
9 7 22 20
9 7 23 60
9 7 24 451
9 7 25 1072
9 7 26 3282
9 7 27 6238
9 7 28 11881
9 7 29 16362
9 7 30 21358
9 7 31 22282
9 7 32 20354
9 7 33 14594
9 7 34 9022
9 7 35 4302
9 7 36 1632
9 7 37 354
9 7 38 58
9 7 39 4
9 8 24 28
9 8 25 44
9 8 26 348
9 8 27 636
9 8 28 1912
9 8 29 3104
9 8 30 5440
9 8 31 6904
9 8 32 8088
9 8 33 7096
9 8 34 5312
9 8 35 2996
9 8 36 1352
9 8 37 396
9 8 38 80
9 8 39 4
9 9 24 1
9 9 26 16
9 9 27 14
9 9 28 110
9 9 29 154
9 9 30 450
9 9 31 644
9 9 32 1072
9 9 33 1198
9 9 34 1214
9 9 35 872
9 9 36 516
9 9 37 214
9 9 38 70
9 9 39 14
9 9 40 2

-- what two of three pin down --
  (n,H) -> p: 9/45 pairs determine p; widest spread 22 at (9, 5) -> [18, 19, 20]..39
  (n,p) -> H: 12/102 pairs determine H; widest spread 9 at (9, 24) -> [1, 2, 3]..9
  (H,p) -> n: 58/176 pairs determine n; widest spread 7 at (3, 16) -> [3, 4, 5]..9

-- envelope of p at fixed (n,H) --
   n   H   p_min  p_max   4n+4
   1   1      8      8      8
   2   1     10     10     12
   2   2     10     12     12
   3   1     12     12     16
   3   2     12     15     16
   3   3     12     16     16
   4   1     14     14     20
   4   2     12     18     20
   4   3     14     19     20
   4   4     14     20     20
   5   1     16     16     24
   5   2     14     21     24
   5   3     14     23     24
   5   4     16     23     24
   5   5     16     24     24
   6   1     18     18     28
   6   2     14     24     28
   6   3     14     26     28
   6   4     16     27     28
   6   5     18     27     28
   6   6     18     28     28
   7   1     20     20     32
   7   2     16     27     32
   7   3     16     30     32
   7   4     16     31     32
   7   5     18     31     32
   7   6     20     31     32
   7   7     20     32     32
   8   1     22     22     36
   8   2     16     30     36
   8   3     16     33     36
   8   4     16     34     36
   8   5     18     35     36
   8   6     20     35     36
   8   7     22     35     36
   8   8     22     36     36
   9   1     24     24     40
   9   2     18     33     40
   9   3     16     37     40
   9   4     18     38     40
   9   5     18     39     40
   9   6     20     39     40
   9   7     22     39     40
   9   8     24     39     40
   9   9     24     40     40

-- triples pinning a unique fixed animal --
  23 of 467 live triples hold exactly one animal
  e.g. [(1, 1, 8), (2, 1, 10), (2, 2, 10), (3, 1, 12), (3, 3, 12), (4, 1, 14), (4, 2, 12), (4, 4, 14)]
