2 1
3 2
4 9
5 34
6 137
7 553
8 2237
9 9038
10 36435
11 146511
12 587683
13 2351915
14 9393251
15 37449143
16 149077089
17 592687042
18 2353841687
19 9340008137
20 37034456401
21 146762269001
22 581333086493
23 2301880269983
24 9112252026909
25 36065043737273
26 142722474788039
27 564763350296825
28 2234746160504343
29 8842876283990859
30 34992573932283735
31 138479723485333123
32 548066670987218319
33 2169325531803088932
34 8587484225067456561
35 33998642994267652959
36 134621704926988982147
37 533124992184714511949
38 2111569041663070382487
39 8364597172099352049197
40 33139730297310843495601
41 131315915483501458691909
42 520415385305145226238159
43 2062751314543304268699681
44 8177244513113487705923233
45 32421242579420292358725543
46 128562388191598790171766911
47 509869153797943150357313733
48 2022380720895207163142143743
49 8022786561653519703235718759
50 31830571178633970632346917659
51 126304607859250723639052094731
52 501242871255509569351325285703
53 1989436817662470380519208666113
54 7897028414767653054589390655087
55 31350722165850775422558840208581
56 124474504103295146159512463106537
57 494266295482378046593051681711365
58 1962854368735540749561628314037289
59 7795795429667540527743834889391049
60 30965412830576634902179702048791807
61 123008817222382608306910268294329135
62 488694458249184066748027466503984755
63 1941687331840125519243360433712155689
64 7715442381853363421005828466755216919
65 30660624290796847924346740978541175344
66 121853718456029810987031482066379277579
67 484320943781807633213015219086715256945
68 1925145033142933580712172519451651926539
69 7652943318585431390281896123911175394081
70 30424784512769861054479344281139765574051
71 120964979269607945880296822563402424710597
72 480976787835453886276656954258985215358899
73 1912582214697888162506995894406063368994681
74 7605834703937121990558166211633000510509119
75 30248489622834699717775309276028924195546899
76 120306706829668427357449713498791195185428843
77 478525000536682607725068642903339429382676277
78 1903476032523814224718411689610090592573468469
79 7572120913700459358930748733294493249141099969
80 30124121887499219099226218800672980293839398921
81 119849818878870306546979954514109812726010443405
82 476854536980974106209309463448011143132874646315
83 1897402406091931276858443541477880492881307693631
84 7550182054050906712962932453985998827104212491951
85 30045492296960895519755832998518660865890572387965
86 119570663911862100884262296310100230734525897401225
87 475874989587326242267705429426832562448029050180157
88 1894015663730090370661228957800710087063328155136601
89 7538696101565666669195737614950479614908028519481591
90 30007543377070588388634330743520457417991498502752027
91 119449888879529311565658808853948851647508576610804179
92 475512280610600194369410427837466659543315506389828417
93 1893032177104062450382904795835200791852037441161285083
94 7536576792279506531388997884342755030758622646860178953
95 30006113674770394096049083400129344460958050074781910663
96 119471546814943746813208568546335467223699344129883203085
97 475705282932194961129791893409416205572150602199710629761
98 1894217571109328285855207891828003712575519691433849832203
99 7542925230100026662105720917523826196900370718916078678233
100 30037754719796454516187520480473236500093068892905705902843
101 119622404642650781155194523155205617677631550694810624306719
102 476403202767702799786311470070144338791252805443396531244579
103 1897376828121871476656398779224563442805943327985506147356639
104 7556992472373102084906436398067401242449325285573361585572837
105 30099589560988142195926061992796282286332459902504310430600595
106 119891408263658001071723877268644969381665834519985653670471009
107 477563556763898411045885586666945225408013260097356074815370027
108 1902346636785197967486283371634088818458951640780926863095280971
109 7578150585573969555187978943700967250746274817252087486901389461
110 30189203248449120676559001055443538453869121383163826786140702591
111 120269268074037688412036729218701791602559007796187587359790341451
112 479150602965431215429586950353954031762155682757778955797490354057
113 1908989450819063680579581668702668331614021799537144758870447748501
114 7605870142564570129419168294894611140698337827378669514338177840919
115 30304557577870486238421431944868870115590045157410732825405816567143
116 120748135861425168359720456981146109442878774227736775700013480530699
117 481134115932498183962423709809829640732972127750715987762658963413003
118 1917188844031380479849489874395115634225406822835404450678678948927803
119 7639702602225489754625252731604770474521883266943264046760632710526825
120 30443924227269041131351291776625293984686231775418773856174793936943695
121 121321350997804022495383089729753492351280574797880454340960327902121659
122 483488422988643615616243701776666292644228005685454489100028565932518635
123 1926845849546590983256405758659238846008642308808706108043727861829152163
124 7679266399485285415900714493397700297837283055694918553336191628883084239
125 30605831884917658350288353899960254750633444797428083654995442115835133933
126 121983239403957213377044604715135087323853713887689635845449483109991828545
127 486191639565702040035500229495430421969766869714566634654482747485395649657
128 1937876050402375459138885330934461918683730860641633067521152871407021291351
129 7724235871760469718300471764204875630281919280635012699530217165902658234712
130 30789024087972597802189854621672191508402722731304616437737734196049825834735
131 122728952971709713715633594555280345885999348828531515086162445714495453443519
132 489225057419804686673978259043071210665999262523002929340028948294813853591729
133 1950207247962182764619297400522145530075149520531683534944876873478786592612727
134 7774332370119129854746717665774710254172586335228404753947202076430687708564277
135 30992425324296000858194059381978212182552434891244822918600494629226649207955173
136 123554340250209626960521636201505178477560745831432498298886034600450123675750901
137 492572651175655023813815688944517405303409465103995888322925852191400046487800491
138 1963777578328605050814540923923635199203466481170805110276979097270438121759933615
139 7829317067188437023152781975298574284232351910929917424550879297062800049644312831
140 31215113562649229875898453545319865828404735787550481992939562691581718277597898043
141 124455841495308689642349982183824599591931970243966947764953335711148099294426489173
142 496220677236514206028533765486908585820616882118380879155509830430127901366378081223
143 1978533979052693242120896447500645062819038030380522729658058933122230335322491255449
144 7888985094000603011566986533561972208312689306396962215735836405793777594714192076069
145 31456297826238013604233618796786152066987272473707653725663659533667298500991364037107
146 125430402864913778241263880838304637329750141149374888418701051741918759619068809472857
147 500157345401528434337182773069253598180463906705074224066828153896145784277117413380197
148 1994430932041442791196786660119904044131428847249286221912024788711915381433874377555641
149 7953160726390533955187927966612402758268661029097633731600227914495811331154282877633533
150 31715299755828343427276161599086455210937594410181463944619959360294118950708642645386307
151 126475405784372041806102877729714328622735123593277336381404563375679020775237613091198991
152 504372548184097180130546065478216064515414554208170191892102549357060478711612926408804113
153 2011429426006534969003097057337682716630918238094203351512687149833695012309323041990518403
154 8021693406963147364674693747400104080393671582119790073713404404494461193715081087469408979
155 31991538353995302677305223337583246051360469691912931122064468066245490306539046099356290371
156 127588608426543034618517270674626061343603211163017665048142940434130587022434815828711617707
157 508857636280313628009813678569067950301135178201599263341983335653262868819313953128366624307
158 2029496094770600953966223119399148548725167898812547632209244388463792660196839891247546118557
159 8094454437371872570650254246868820422599089976293637733186696055094268903272919978881247946725
160 32284517285116747710841211203664393526533544444143138514070625704851397012900749970743638018715
161 128768096939132170586125028444420939460909531561585675126946394809813958879315797715740262850027
162 513605231222627648240817882378239486476610216511787805765459670268201343290708030603168396299997
163 2048602497472507990818646012804740576996964361258371028179562302977694234989876714990167922293737
164 8171334212234063437393587747446657475413504164907596430116278958668188648607436248920624004382385
165 32593814243390826966338547133941995674847336027952101501446748437074650661525782246747383108798085
166 130012244570074158496370754467759042190569637385824532699565436466770810725751588815066606726397123
167 518609068205216599405327438544464249000207642251027612051336148547960470173299201810795768423867543
168 2068724514063333628757354137314726525833633025366468409607216846156352299291600391569080878783690349
169 8252239893704300042095996678391685361262841685380177169745000191755279918648055551839311369856885827
170 32919072005545542164540151178643178941729884543902413174489353758591900759530677230859138652731092403
171 131319677235348516801895280389547827897200833623304060167219656155572191718715404242656460163478332639
172 523863863552052893338292560357577070200510461303679490970317551160577107734626167880014582792751613019
173 2089841835085559960174624331554502307429950130911141328587607920918813318564121036129311253914715186163
174 8337093446864794380685833834181976773191029815034279232685584961862065659160625366765161988114254771313
175 33259990864711927798945060849302537998439057768916989606807157894077541441523882801596699067204616524969
176 132689244374987300903302329329940572416986095290472407282823161198522763363025198638844122702690204107243
177 529365202437172527524214444779946895810983999019600597229760818360787735045024747877747191343048116924213
178 2111937529030332727243922188341233882165062639857281665959520696063250495569924246814321553465165918220869
179 8425829972355087458424152280831204204022667838042731741696216757503910505032143898042150915458759192152853
180 33616322203426251340548661509448838751216506697868751075560325449982570494253490298786899138228911913704915
181 134119994175627635369633402276362470423723178662094045361917067476864268705537740817828929469612562477954099
182 535109443346665848106562510572964678158792393485857025951551261499686044384435613839715798664913608294439683
183 2134997673898185848146464385802601933999222073362705359875212660296349704879432018574219822748126941848080025
184 8518396285271952210800479325650112451259628895246801441739195639881167204648209591825933836611992603900923745
185 33987863011474451479966336308724645540006686372825832069107909763372306151068509415027975121568499216659367135
186 135611152418829851307777607191182937720696145857281098858013399468914723051999979081137715271072068866829854227
187 541093636457236221590163429121102250142043063415078759853482605613499753235316335656104668397295459169708114825
188 2159011042186123581195452017111698034058449291590479968375867734712868752618315562983118843611227168516020483561
189 8614749699218117958819923194856054235112179968996689338834569653133268775988176791917843616370417573444905172371
190 34374451191637427427693802769114452660057180320654078769647577370012094403110981277030699614950591676483541075139
191 137162104356046035556818459279902725034933269352156180566607729017403421638277301242495415176414440701731405872485
192 547315453643700168195936771455007718713613869814550400931830327778765253995273435299742486040913269372568855449099
193 2183968830564093827950185788385222757522026220898149931689990636826557888804365257028648357468936990426568311683547
194 8714856982123693055245370189690012263624303789662632379219334246556369982326946837794349031785343712395691137578175
195 34775961525807971592407450259376970303594424951933203234746278126233340968491325730060217113255972614921703787779035
196 138772379122844199603804501533879901183647939816063564557337357458030856662480184599546785175383699170058932401819079
197 553773128252276127199529709743070382559402048616961057013236051913313992533057396634744352392177130496131977328090501
198 2209864427117058037868276872215468682894414686220319784442952111714252339768677437525318924457466637134384490771064119
199 8818693456596431400092022046379014735956093263363061553804931710681752481858559341116230402451455443801656268494935137
200 35192302197267055751739658285011054229307870278913934449043701901157477353641623938294932129387512070116542904767851629
