1 1 1 1 1 1 1 1 1 1 1 1 1 1 1 1 1 1 1 1 1
2 4 4 4 3 4 4 4 3 4 4 4 3 4 4 4 3 4 4 4 3
3 20 18 16 9 19 17 16 9 18 17 15 9 20 18 16 9 20 18 16 9
4 110 83 61 28 96 71 61 28 85 73 53 28 106 79 61 28 110 83 61 28
5 638 385 221 87 501 289 221 87 413 314 177 87 576 339 221 87 636 385 221 87
6 3832 1788 766 272 2668 1149 766 272 2044 1351 567 272 3179 1423 766 272 3790 1788 766 272
7 23592 8305 2566 850 14407 4481 2566 850 10248 5813 1767 850 17736 5872 2566 850 23036 8305 2566 850
8 147941 38575 8390 2659 78592 17209 8390 2659 51876 25012 5417 2659 99748 23909 8390 2659 141946 38575 8390 2659
9 940982 179170 26982 8318 432073 65281 26982 8318 264550 107621 16465 8318 564430 96336 26982 8318 883360 179170 26982 8318
10 6053180 832189 85834 26025 2390004 245169 85834 26025 1357070 463069 49897 26025 3209194 384934 85834 26025 5538098 832189 85834 26025
11 39299408 3865253 271174 81427 13286043 913153 271174 81427 6994780 1992482 151288 81427 18316729 1527712 271174 81427 34917224 3865253 271174 81427
12 257105146 17952864 853111 254777 74160672 3377505 853111 254777 36196706 8573203 459836 254777 104872413 6029421 853111 254777 221125102 17952864 853111 254777
13 1692931066 83385309 2677214 797175 415382397 12418561 2677214 797175 187938842 36888569 1402387 797175 602013085 23686066 2677214 797175 1405276324 83385309 2677214 797175
14 11208974860 387298083 8389720 2494307 2333445468 45428161 8389720 2494307 978599560 158723236 4292477 2494307 3463412836 92685759 8389720 2494307 8956020294 387298083 8389720 2494307
