1 1
2 4
3 20
4 110
5 636
6 3790
7 23036
8 141946
9 883360
10 5538098
11 34917224
12 221125102
13 1405276324
14 8956020294
15 57209977908
16 366147270370
17 2347081505816
18 15065301857194
19 96808851937152
20 622682497349910
21 4008412023724124
22 25821543284366686
23 166438749582676204
24 1073381310624938506
25 6925502676424659984
26 44701394086486620962
27 288630230855391722584
28 1864211152806369544062
29 12043841705466083271956
30 77828363682696355507830
31 503039140911843674225124
32 3251968397186603343197810
33 21026281519341089945038216
34 135969764071167208095632538
35 879384860948967147336987120
36 5688087844560278559101738022
37 36795854738573095456753145036
38 238052110768578426678392082062
39 1540215584062729450513529930012
40 9966062303690578760664693985562
41 64490386425247494047733744066688
42 417342594499298762715936740999954
43 2700935232880179875922620401277000
44 17480627263698707218939733886913038
45 113140774059320868620991042875709828
46 732316293089537544541462023623454374
47 4740170769963278323191029536347526292
48 30683402299358523240829367257821139714
49 198621347781275190325918220497025317112
50 1285760276386381559308463847917793801610
51 8323474626689889806826116381842900382560
52 53883885902242221656791644618726548617270
53 348836451820216966512877867001866697034044
54 2258357629262101891336508010415854006754238
55 14620787158713254100002706768143517876356684
56 94657563328649197056667138762587897992653098
57 612838193227850885598967652176718754159277808
58 3967726506008997457375293150474744622914328322
59 25688725150569767318897465963044760155102980920
60 166321293890261224526026862631097011214196416926
61 1076855025384473770998317668424113091723704335860
62 6972208143456371033156817045250397408011933146838
63 45142628302571551437668239092168672853774906002500
64 292284936243429272030918227486332963071197988234386
65 1892469330162959198768017205617077884256747639713384
66 12253321962162429537109424985820470570962729093076602
67 79337990182160217572103114721870881497760117626522576
68 513701335866390188881013293275615747949852073471186246
69 3326152529600866371992710203791399422744621728968078764
70 21536514785640377019925774409626326071933699779644038382
71 139447370272565684764804318305611636061891082108882092156
72 902914725661241794709058364263114084623405877447598455354
73 5846346044320369978922711368324334273516326371778395449184
74 37855026689379441758025777711278307101856161711104453377778
75 245111533337796394774633796377424824542568490191532075746600
76 1587102553957095350730278958618034112445582855990995084867118
77 10276546674491821184682341057298132002697865342763860787163748
78 66541148318021277948858040947541338734793918844513650242320134
79 430858031697426354412727734957334384768097048548206377968148724
80 2789837044161970796303569010795033132108714070515653693150937890
81 18064425734329472103384660354963281073090132623389657111026515416
82 116968819375491339260949811820493263119500674448994787582000846698
83 757384868136566610585170825126651380314380362802407351694303324992
84 4904149100875365026413224333099224918271413651606453419773502208854
85 31754932029941450668286975815999507035371007663509528936842841233948
86 205617062340197756931484527317992834414836784557881188084744771725854
87 1331396824965730658264923911650670619290399686660555239718469139550124
88 8620972400956366025469627118365738854517581676433096800609851941698634
89 55821992362493614651369296716313512911303850314004447141624293122834896
90 361455405289558647086605049977973559927601694102316483360416485135516386
91 2340477126814992549915581690697322661772632004603574817876566535740683800
92 15154944212646290549847355115319647348546390245230271324826417959126413246
93 98130615900889649003900561421599029111083753647129188345882662495250257620
94 635411293193893743133730118228714729029602005084001445250645719795363098422
95 4114390778060163800772382795537284982010915688682930771660152573039081214628
96 26641356484475914775231920690138688451452773715317222517186031897790563747506
97 172507230076190564598223629097041527363795748565500781824535399322911025452872
98 1117013515428166033993879540056355659298754008703223096651987815998293249433690
99 7232854011324464957725236449232789866215101810964105555871747752076533221851568
100 46833984109159310333181658374268733455646786482580604860992960146340363157746278
101 303258255153063862782182053762142126705979069364957532511738687814946096042784396
102 1963650860597037790445724932779715202859460678320324998623579712374858333114522446
103 12714989805840271048636449416807692122922656784988714387608174954872143044083651548
104 82331846504594259160221084524000933956986559688827350843782535082837030530753210202
105 533113625737553090928489688265527768465650501271293486481263181007627765831973361216
106 3452007974358309867722838468052902209629050115855097837863996165863132515013617593042
107 22352385144207354508020255482114151337893414658495915695426198881230063211815016877576
108 144735818613479075357472801540862152548859656722868893465865074887082538946569712662094
109 937191269639968603550518045854283507474958405605352233600820940941152086944115304401732
110 6068488097070505966110951752079302901537535337408029439245869614055860381765959693926246
111 39294595963317379563431136504266232224185445990509340208787011162478044666190198519030100
112 254439890242986536183423872160277501986086452748327251430737869259086782429250364570896194
113 1647546255408623987447885552082113019905207103108571457302959273918327250641911983776836280
114 10668173607569036106780210193095318281735543957081957514632581405735191281709203345764194634
115 69078447846147339303524221701728683302096133826280425010286519537486659958138045632141131552
116 447296089896482551771205575745059522066489385582776785540104673349331948348573454992789291638
117 2896327481263622558616479704033419715435822652720560544367238054478251133008355121791153900284
118 18754274048429382622788266158767497906407782734349191526276653944007944829835840673018364512382
119 121437516797303015932904318990881203597807030309738314781380895040818923928529160094263564807436
120 786331227732532400203162884314044191918395798554826417258718044219109998440659817493037414101866
121 5091645884159809613055323530645733991660470644709281019194575632814816866359555770848063757153456
122 32969387662945526901216919601945540476099727877153278427653307725261197397560743791824221021765314
123 213483144071294323948671930023269378199303141736392282306001552496619269374523346402728076133244152
124 1382344590658063996784357127499065630412227058128477912043633500818011733724854403367391073778446814
125 8950948556701546429174018213820840796333840156345157184616235068705933618614485155216317819668115380
126 57959124970498485353792578352000030074451769147818851070307518311270751528875422092613954460033687446
127 375296568273412121774933341735796308115109384388669360093108050851387961030882580456932926258834820356
128 2430118094936942474506909081948424556873846166694646317983308906046710928905086732381388638853168471250
129 15735486590412604272287649936493314359143399370568449088547466539069263525565162839288377911789419178024
130 101890334059943135403592296442267255330524541014558713255384576377967634449330514252666840384407904332346
131 659759732053238541675067503139925680726062858375024495943172380905045132670201221552392255270445410980752
132 4272072688652856879347266348089731792934526958307812752560370305520957264179805457757181956703073461859206
133 27662502773365578309938659035427766826448398042464695904936883446354083435383133354543791100878137532782444
134 179120096819262685367157919025383206041508804288511802613064420549264550606283025247279476305260563981289902
135 1159837556462546530182965321296333867433989242892311720547184368441627072956045157475229461343668459267570492
136 7510174469746328856393491402314259937438727771280045099625446233028314505704206713822301397099466035545856122
137 48629845665850992715698494995518225509895755382857488802974977550920193431206491042503281966605927703316524320
138 314887747281564335850310129853145283186042717750534955568444774861473139032676962972974629635620896362110437042
139 2038959680568357939551031157637945723162594327122135314206246798460556966894466148178099197676424188402496254696
140 13202662412581301250526611964573184536066833963551343140572758582842909572639130762016557557532487121073890298478
141 85489820239103068758846357746812944180632997466069504199004649291310889236776282443955629028598386597334686671908
142 553563304515309947640163685728211805394431660389505169907704885390602379240315196963298656553663044316573030975430
143 3584430683258937995548927825412167015258157755502828807374361786241992564319377299534134319629379030688484868904372
144 23209890036538664035767155011283146418626730676880143388070286825129689372388404318300479376726923613889070153621346
145 150288580555526092418939949692208161801347142126165802118498346539145991245607678921871219031118902475392768840990616
146 973147979742657237751385820165072308494585492254017975454642649940308533764612728609566485938730361032048217837075242
147 6301323712791071881246046219798323019089653027373425578010949810301364630858663077824599374903922257805533203426586368
148 40802305085562675459967434944063597751967695560319525946838194471496219121182420033570770200275554224638958443249503638
149 264202917520770889454760025171137764725717534612841362212169030406224060131088289157011531442441543219335734222453808092
150 1710765649703699904425697332041430571497043903537202901440696360562337822064022924638342611865125011993251611568309581534
151 11077542780032657863681374234413302480641581097523423640915807892800389672052259555605835389230557431517969237778616786540
152 71729260273800437593492726983752277729031680617979560453548955634048092616434414756873978480835952455952165314686131588746
153 464461018238787428439275533882032564050212668233317337751193124249449558603777571509445693014097368239546304727886592970640
154 3007476131832651810064290914549700159851102229252785553697873910833842277207043179754059196763266022352481325163046413929122
155 19473997510853985943628770487514856388038893367092938690083698784677477922450784426628461779148241860861112663316136803770328
156 126097951760905654755304298461716174433925261493270194114504149085183446658716017297864265429731879290460119080548880765249534
157 816508961425971255895955464741513516115859849463946425098295106194782112280188835557164800288496634179358362679088965787535508
158 5287055630035797108714184683761997698502911722685466261355808779849435582357519145152116840904706929182365023899484936722640886
159 34234721995159180071719419613623247216986567404081762462995016024313624128642939970653472332421390018544273381117679461265275748
160 221676538823226731611095329235184521539430813423897890803999431150823019303366211583123086868818010862174680488061881634669995762
161 1435399065604062876419641427497657476441106240576503894263573374935853360262047098368627598994356872170912963191678750400035037448
162 9294490487260112370127485880227287310442662169593099096650692564243389473018806283855404580899776288550135123092816059688488399898
163 60183649017814788999544797642953713862409894679843808074772403577647608364412064519687160584373596895544506473937303547452616540528
164 389700933014906761907624973508277188174518621675382902761738422562085602204523127105659066861086314976249420881053271026203023579302
165 2523389988657003101292936117292720129452162738466028481135932437950175231428880352169762682554424015039517563900615028609749188384844
166 16339445210165692930624565214362662345339754748126885137479401703853152611190900834900896954364995624607975078492673508045106868201486
167 105801113305681338581169239518118823194739892414344975097041642662276016635941150936185659779048571012867796678971011531330871177705116
168 685082966124764212112146914856159800286702716936298161385776759837611430944882960517174876996133573343545329302790117332630756668247450
169 4436046618989033018299701465312813032142485259751676638205592079253562353768533961159237017960329101712530504824257440821933963309706240
170 28724272238331695080060098479328544347098017905898403925942784200015252722901168916364929810590066060080355176891817501979077542100734610
171 185995298792215999750540031415224425094140424317637088734009114774669049196531878164569884171137501174842266004663110296386458101681337288
172 1204356055189767030178737813782434483784213443245378494516507329862573268028421501896693608128166976947860766151937203508805856078571958926
173 7798441778835607686124095669274085164287264789664679445605348983379553159958452356267526037714777507047544201175910625986415572615802961156
174 50496440781109391648273535921039006542115252119548304352425315993641253047773346375581571517644176636327403435962080658972256822280790233126
175 326974363021916725144606487409765390779571389346144703500204729066502106897835422512425831608164840574915244666530912737830724807527420821012
176 2117223164309051958634552829369860843478728884377280974840569864986033697599352341300030635318446633856512024131481277339180622903361810369410
177 13709435469211964662616090417847957907783746006948877021386461228168429273946002456120537584062140716544220728282770012203597985122511999581304
178 88771285024412902015187756940911482098594078470895775765364382460749189021967173306368048112673859657548296734198016892326163813806069177859338
179 574811491417256396089645501330485381896840466655581682764658520871793311732218217082794713547859785607159009958262050344786185614887843823778528
180 3722017212165074071612066368151605944229129415210481958911091544091112804468081319831864323820879774798839265619911364901088542485176088491383990
181 24100791894346175217288885988993496139852399889548973396532154195826680502117952539149547725678874523801966035796877821058351347703491423438228668
182 156057357351210780408002695304890527954194478830273979071970788495995598245215393547184346765832923251437778239481697562681319356045408366411380030
183 1010502015800542462294118670701642073502419020936842407088343575540083606153964293613332070800781445545766054543703383292627890892358543406582571980
184 6543198869857324206643764029675003210251732423789601149292696475767685769988056126456603108857795016735482074210890207625991068774433397762237255082
185 42368496839483338231821635095259597421453767845179556359196290053845384932830551277097202488801820509090231672554378582017370227853400691558279565936
186 274344332277577165604351485488874467542157195597586419962682163682218576932866027091392481453046968275962062105895811440929487927869350441040318260866
187 1776433394752496015853408836112828836599480318468471444748273864022613236152124517864356038781686423624975906374298475560163807054378144412151262183096
188 11502754879245688240900516119649824206528282707660366024811885725971626849452494385535168639961826561765065598557173520355732419269717159513310911271454
189 74482595424187729280498217984445429453582650317847662420218568880436520037407851748070853993315000841695655944519990113044531619322944959336241283359092
190 482289423744105521110857921922174340227422879130169924017275172502293468989879463561080693928056218387786321488395717320755381645872294259807750623748182
191 3122918676123279401163566780242936244597766364036072970379184587226663903808799740656684082482202306849613285288772909786672469740511191615124161305828804
192 20221511356293287013172784174040017615469466828904235011732885825502185754522022052382272182984258539371266758780973997401359587908572354687620980262266130
193 130938254883245366584481831494688339618470373581157787778012490745905022045984887493025822976380175946693758655695153809221897433144549590270639671483187688
194 847850899576795541811646158751612034739989728114315675286936057162730302916846910295040897994035851010674003604325776519711396793389031812000925087994658298
195 5490000982872889437221796235594721928958453409376280933088479882418089467118040792391741869828031474247862474833084613684158544575412579855128889712168553296
196 35548833893468973456103033722048255232278165444332406397024464241742287226240191138786621368167820403215784614003243617644379009015112238302816432745113739718
197 230185676699277211479196249599904031270428370145881882859814223260755816868569672026951381957987522405733532418246533480901830612412351192063913277814583048492
198 1490497435769080743739155352133764340781152547812831740897205040964193970037150077908562404892272860104919182290730952771691295612317661417378223079369555261038
199 9651263441301071164282725417745363033071072215216051251247944451712130105558675188227266587785660315852365284615098755084333005385115497246273694830473779037692
200 62493825072062351986569742343117491376050099521316774531911779092274536433482692208623903116597694764693190043972208091181696004476505408977600529585723634747066
