# box W=17 H=17 parity=0 slo=0 shi=32 pbox=36 cells=145 mult=1 free: 1 4 18 60 187 524 1388 3452 8229
# perimeter_min lattice=square4 pmax=999 rmax=8 git=4aa9017f-dirty
# COMPLETE only for animals with perimeter <= 999 AND area
# deficit i = nmax(p) - n at most 8. Rows outside that domain
# are present but partial -- do not read them as counts.
137 36 8229
137 37 468540
137 38 12838842
137 39 220908664
137 40 2678333073
137 41 23373178344
137 42 152826049364
137 43 662634637596
137 44 2183438809228
138 36 3452
138 37 189920
138 38 4923876
138 39 80153282
138 40 880611458
138 41 6996895250
138 42 35675982462
138 43 139042646760
139 36 1388
139 37 72272
139 38 1776734
139 39 26203552
139 40 263567830
139 41 1624019548
139 42 7649171570
140 36 524
140 37 25935
140 38 577400
140 39 7843452
140 40 60774885
140 41 356167451
141 36 187
141 37 8376
141 38 172900
141 39 1795048
141 40 13648803
142 36 60
142 37 2510
142 38 39232
142 39 413296
143 36 18
143 37 564
143 38 9272
144 36 4
144 37 137
145 36 1
