1 0 0 1 1
2 0 0 1 1
2 0 0 2 1
3 0 0 1 1
3 0 0 3 1
3 1 0 2 4
4 0 0 1 1
4 0 0 4 1
4 1 0 2 4
4 1 0 3 4
4 2 0 2 4
4 2 0 3 4
4 2 1 2 1
5 0 0 1 1
5 0 0 5 1
5 1 0 2 4
5 1 0 3 4
5 1 0 4 4
5 2 0 2 10
5 2 0 3 10
5 2 0 4 8
5 3 0 3 12
5 3 1 2 4
5 3 1 3 4
5 4 0 3 1
6 0 0 1 1
6 0 0 6 1
6 1 0 2 4
6 1 0 3 4
6 1 0 4 4
6 1 0 5 4
6 2 0 2 14
6 2 0 3 20
6 2 0 4 14
6 2 0 5 12
6 3 0 2 8
6 3 0 3 32
6 3 0 4 32
6 3 1 2 4
6 3 1 4 4
6 4 0 3 14
6 4 0 4 10
6 4 1 2 4
6 4 1 3 20
6 4 1 4 4
6 4 2 2 1
6 4 2 3 1
6 5 1 3 4
7 0 0 1 1
7 0 0 7 1
7 1 0 2 4
7 1 0 3 4
7 1 0 4 4
7 1 0 5 4
7 1 0 6 4
7 2 0 2 18
7 2 0 3 24
7 2 0 4 24
7 2 0 5 18
7 2 0 6 16
7 3 0 2 16
7 3 0 3 72
7 3 0 4 80
7 3 0 5 52
7 3 1 2 4
7 3 1 5 4
7 4 0 2 8
7 4 0 3 71
7 4 0 4 74
7 4 0 5 35
7 4 1 2 12
7 4 1 3 20
7 4 1 4 24
7 4 1 5 8
7 5 0 3 12
7 5 0 4 28
7 5 1 3 44
7 5 1 4 36
7 5 2 2 4
7 5 2 3 8
7 5 2 4 4
8 0 0 1 1
8 0 0 8 1
8 1 0 2 4
8 1 0 3 4
8 1 0 4 4
8 1 0 5 4
8 1 0 6 4
8 1 0 7 4
8 2 0 2 22
8 2 0 3 30
8 2 0 4 30
8 2 0 5 28
8 2 0 6 22
8 2 0 7 20
8 3 0 2 24
8 3 0 3 112
8 3 0 4 136
8 3 0 5 128
8 3 0 6 72
8 3 1 2 4
8 3 1 6 4
8 4 0 2 28
8 4 0 3 165
8 4 0 4 279
8 4 0 5 170
8 4 0 6 76
8 4 1 2 16
8 4 1 3 24
8 4 1 4 24
8 4 1 5 24
8 4 1 6 12
8 5 0 3 122
8 5 0 4 202
8 5 0 5 136
8 5 1 2 16
8 5 1 3 101
8 5 1 4 100
8 5 1 5 84
8 5 2 2 4
8 5 2 3 4
8 5 2 4 4
8 5 2 5 4
9 0 0 1 1
9 0 0 9 1
9 1 0 2 4
9 1 0 3 4
9 1 0 4 4
9 1 0 5 4
9 1 0 6 4
9 1 0 7 4
9 1 0 8 4
9 2 0 2 26
9 2 0 3 34
9 2 0 4 40
9 2 0 5 34
9 2 0 6 32
9 2 0 7 26
9 2 0 8 24
9 3 0 2 32
9 3 0 3 156
9 3 0 4 188
9 3 0 5 204
9 3 0 6 176
9 3 0 7 92
9 3 1 2 4
9 3 1 7 4
9 4 0 2 56
9 4 0 3 326
9 4 0 4 576
9 4 0 5 564
9 4 0 6 298
9 4 0 7 133
9 4 1 2 20
9 4 1 3 24
9 4 1 4 28
9 4 1 5 24
9 4 1 6 24
9 4 1 7 16
9 5 0 2 16
9 5 0 3 344
9 5 0 4 770
9 5 0 5 678
9 5 0 6 340
9 5 1 2 32
9 5 1 3 152
9 5 1 4 176
9 5 1 5 148
9 5 1 6 132
9 5 2 2 4
9 5 2 3 4
9 5 2 5 4
9 5 2 6 4
10 0 0 1 1
10 0 0 10 1
10 1 0 2 4
10 1 0 3 4
10 1 0 4 4
10 1 0 5 4
10 1 0 6 4
10 1 0 7 4
10 1 0 8 4
10 1 0 9 4
10 2 0 2 30
10 2 0 3 38
10 2 0 4 48
10 2 0 5 44
10 2 0 6 38
10 2 0 7 36
10 2 0 8 30
10 2 0 9 28
10 3 0 2 40
10 3 0 3 204
10 3 0 4 268
10 3 0 5 288
10 3 0 6 272
10 3 0 7 224
10 3 0 8 112
10 3 1 2 4
10 3 1 8 4
10 4 0 2 92
10 4 0 3 521
10 4 0 4 930
10 4 0 5 1054
10 4 0 6 897
10 4 0 7 458
10 4 0 8 206
10 4 1 2 24
10 4 1 3 24
10 4 1 4 28
10 4 1 5 28
10 4 1 6 24
10 4 1 7 24
10 4 1 8 20
10 5 0 2 48
10 5 0 3 774
10 5 0 4 1908
10 5 0 5 2160
10 5 0 6 1506
10 5 0 7 640
10 5 1 2 48
10 5 1 3 212
10 5 1 4 260
10 5 1 5 244
10 5 1 6 196
10 5 1 7 180
10 5 2 2 4
10 5 2 3 4
10 5 2 6 4
10 5 2 7 4
11 0 0 1 1
11 0 0 11 1
11 1 0 2 4
11 1 0 3 4
11 1 0 4 4
11 1 0 5 4
11 1 0 6 4
11 1 0 7 4
11 1 0 8 4
11 1 0 9 4
11 1 0 10 4
11 2 0 2 34
11 2 0 3 42
11 2 0 4 54
11 2 0 5 54
11 2 0 6 48
11 2 0 7 42
11 2 0 8 40
11 2 0 9 34
11 2 0 10 32
11 3 0 2 48
11 3 0 3 248
11 3 0 4 356
11 3 0 5 392
11 3 0 6 384
11 3 0 7 340
11 3 0 8 272
11 3 0 9 132
11 3 1 2 4
11 3 1 9 4
11 4 0 2 136
11 4 0 3 774
11 4 0 4 1416
11 4 0 5 1751
11 4 0 6 1622
11 4 0 7 1278
11 4 0 8 650
11 4 0 9 295
11 4 1 2 28
11 4 1 3 24
11 4 1 4 28
11 4 1 5 28
11 4 1 6 28
11 4 1 7 24
11 4 1 8 24
11 4 1 9 24
11 5 0 2 96
11 5 0 3 1434
11 5 0 4 3608
11 5 0 5 4644
11 5 0 6 4236
11 5 0 7 2686
11 5 0 8 1036
11 5 1 2 64
11 5 1 3 260
11 5 1 4 344
11 5 1 5 336
11 5 1 6 300
11 5 1 7 244
11 5 1 8 228
11 5 2 2 4
11 5 2 3 4
11 5 2 7 4
11 5 2 8 4
12 0 0 1 1
12 0 0 12 1
12 1 0 2 4
12 1 0 3 4
12 1 0 4 4
12 1 0 5 4
12 1 0 6 4
12 1 0 7 4
12 1 0 8 4
12 1 0 9 4
12 1 0 10 4
12 1 0 11 4
12 2 0 2 38
12 2 0 3 46
12 2 0 4 60
12 2 0 5 62
12 2 0 6 58
12 2 0 7 52
12 2 0 8 46
12 2 0 9 44
12 2 0 10 38
12 2 0 11 36
12 3 0 2 56
12 3 0 3 292
12 3 0 4 456
12 3 0 5 520
12 3 0 6 516
12 3 0 7 480
12 3 0 8 408
12 3 0 9 320
12 3 0 10 152
12 3 1 2 4
12 3 1 10 4
12 4 0 2 188
12 4 0 3 1065
12 4 0 4 2005
12 4 0 5 2635
12 4 0 6 2692
12 4 0 7 2254
12 4 0 8 1707
12 4 0 9 874
12 4 0 10 400
12 4 1 2 32
12 4 1 3 24
12 4 1 4 28
12 4 1 5 28
12 4 1 6 28
12 4 1 7 28
12 4 1 8 24
12 4 1 9 24
12 4 1 10 28
12 5 0 2 160
12 5 0 3 2350
12 5 0 4 6096
12 5 0 5 8552
12 5 0 6 8628
12 5 0 7 7016
12 5 0 8 4218
12 5 0 9 1528
12 5 1 2 80
12 5 1 3 308
12 5 1 4 424
12 5 1 5 444
12 5 1 6 392
12 5 1 7 356
12 5 1 8 292
12 5 1 9 276
12 5 2 2 4
12 5 2 3 4
12 5 2 8 4
12 5 2 9 4
13 0 0 1 1
13 0 0 13 1
13 1 0 2 4
13 1 0 3 4
13 1 0 4 4
13 1 0 5 4
13 1 0 6 4
13 1 0 7 4
13 1 0 8 4
13 1 0 9 4
13 1 0 10 4
13 1 0 11 4
13 1 0 12 4
13 2 0 2 42
13 2 0 3 50
13 2 0 4 66
13 2 0 5 68
13 2 0 6 68
13 2 0 7 62
13 2 0 8 56
13 2 0 9 50
13 2 0 10 48
13 2 0 11 42
13 2 0 12 40
13 3 0 2 64
13 3 0 3 336
13 3 0 4 548
13 3 0 5 652
13 3 0 6 668
13 3 0 7 640
13 3 0 8 576
13 3 0 9 476
13 3 0 10 368
13 3 0 11 172
13 3 1 2 4
13 3 1 11 4
13 4 0 2 248
13 4 0 3 1386
13 4 0 4 2732
13 4 0 5 3795
13 4 0 6 4056
13 4 0 7 3711
13 4 0 8 2950
13 4 0 9 2184
13 4 0 10 1130
13 4 0 11 521
13 4 1 2 36
13 4 1 3 24
13 4 1 4 28
13 4 1 5 28
13 4 1 6 28
13 4 1 7 28
13 4 1 8 28
13 4 1 9 24
13 4 1 10 24
13 4 1 11 32
13 5 0 2 240
13 5 0 3 3558
13 5 0 4 9478
13 5 0 5 14186
13 5 0 6 15668
13 5 0 7 13864
13 5 0 8 10500
13 5 0 9 6102
13 5 0 10 2116
13 5 1 2 96
13 5 1 3 356
13 5 1 4 492
13 5 1 5 540
13 5 1 6 504
13 5 1 7 448
13 5 1 8 412
13 5 1 9 340
13 5 1 10 324
13 5 2 2 4
13 5 2 3 4
13 5 2 9 4
13 5 2 10 4
14 0 0 1 1
14 0 0 14 1
14 1 0 2 4
14 1 0 3 4
14 1 0 4 4
14 1 0 5 4
14 1 0 6 4
14 1 0 7 4
14 1 0 8 4
14 1 0 9 4
14 1 0 10 4
14 1 0 11 4
14 1 0 12 4
14 1 0 13 4
14 2 0 2 46
14 2 0 3 54
14 2 0 4 72
14 2 0 5 74
14 2 0 6 76
14 2 0 7 72
14 2 0 8 66
14 2 0 9 60
14 2 0 10 54
14 2 0 11 52
14 2 0 12 46
14 2 0 13 44
14 3 0 2 72
14 3 0 3 380
14 3 0 4 656
14 3 0 5 796
14 3 0 6 840
14 3 0 7 820
14 3 0 8 764
14 3 0 9 672
14 3 0 10 544
14 3 0 11 416
14 3 0 12 192
14 3 1 2 4
14 3 1 12 4
14 4 0 2 316
14 4 0 3 1739
14 4 0 4 3540
14 4 0 5 5109
14 4 0 6 5747
14 4 0 7 5592
14 4 0 8 4810
14 4 0 9 3710
14 4 0 10 2709
14 4 0 11 1418
14 4 0 12 658
14 4 1 2 40
14 4 1 3 24
14 4 1 4 28
14 4 1 5 28
14 4 1 6 28
14 4 1 7 28
14 4 1 8 28
14 4 1 9 28
14 4 1 10 24
14 4 1 11 24
14 4 1 12 36
14 5 0 2 336
14 5 0 3 5030
14 5 0 4 13804
14 5 0 5 22092
14 5 0 6 25940
14 5 0 7 24652
14 5 0 8 20316
14 5 0 9 14688
14 5 0 10 8338
14 5 0 11 2800
14 5 1 2 112
14 5 1 3 404
14 5 1 4 560
14 5 1 5 632
14 5 1 6 612
14 5 1 7 560
14 5 1 8 504
14 5 1 9 468
14 5 1 10 388
14 5 1 11 372
14 5 2 2 4
14 5 2 3 4
14 5 2 10 4
14 5 2 11 4
15 0 0 1 1
15 0 0 15 1
15 1 0 2 4
15 1 0 3 4
15 1 0 4 4
15 1 0 5 4
15 1 0 6 4
15 1 0 7 4
15 1 0 8 4
15 1 0 9 4
15 1 0 10 4
15 1 0 11 4
15 1 0 12 4
15 1 0 13 4
15 1 0 14 4
15 2 0 2 50
15 2 0 3 58
15 2 0 4 78
15 2 0 5 80
15 2 0 6 82
15 2 0 7 82
15 2 0 8 76
15 2 0 9 70
15 2 0 10 64
15 2 0 11 58
15 2 0 12 56
15 2 0 13 50
15 2 0 14 48
15 3 0 2 80
15 3 0 3 424
15 3 0 4 756
15 3 0 5 936
15 3 0 6 1016
15 3 0 7 1016
15 3 0 8 972
15 3 0 9 888
15 3 0 10 768
15 3 0 11 612
15 3 0 12 464
15 3 0 13 212
15 3 1 2 4
15 3 1 13 4
15 4 0 2 392
15 4 0 3 2124
15 4 0 4 4492
15 4 0 5 6666
15 4 0 6 7772
15 4 0 7 7910
15 4 0 8 7224
15 4 0 9 5989
15 4 0 10 4534
15 4 0 11 3282
15 4 0 12 1738
15 4 0 13 811
15 4 1 2 44
15 4 1 3 24
15 4 1 4 28
15 4 1 5 28
15 4 1 6 28
15 4 1 7 28
15 4 1 8 28
15 4 1 9 28
15 4 1 10 28
15 4 1 11 24
15 4 1 12 24
15 4 1 13 40
15 5 0 2 448
15 5 0 3 6766
15 5 0 4 19116
15 5 0 5 32232
15 5 0 6 39928
15 5 0 7 40520
15 5 0 8 35532
15 5 0 9 27984
15 5 0 10 19580
15 5 0 11 10926
15 5 0 12 3580
15 5 1 2 128
15 5 1 3 452
15 5 1 4 624
15 5 1 5 712
15 5 1 6 712
15 5 1 7 672
15 5 1 8 616
15 5 1 9 560
15 5 1 10 524
15 5 1 11 436
15 5 1 12 420
15 5 2 2 4
15 5 2 3 4
15 5 2 11 4
15 5 2 12 4
16 0 0 1 1
16 0 0 16 1
16 1 0 2 4
16 1 0 3 4
16 1 0 4 4
16 1 0 5 4
16 1 0 6 4
16 1 0 7 4
16 1 0 8 4
16 1 0 9 4
16 1 0 10 4
16 1 0 11 4
16 1 0 12 4
16 1 0 13 4
16 1 0 14 4
16 1 0 15 4
16 2 0 2 54
16 2 0 3 62
16 2 0 4 84
16 2 0 5 86
16 2 0 6 88
16 2 0 7 90
16 2 0 8 86
16 2 0 9 80
16 2 0 10 74
16 2 0 11 68
16 2 0 12 62
16 2 0 13 60
16 2 0 14 54
16 2 0 15 52
16 3 0 2 88
16 3 0 3 468
16 3 0 4 872
16 3 0 5 1088
16 3 0 6 1208
16 3 0 7 1232
16 3 0 8 1196
16 3 0 9 1124
16 3 0 10 1012
16 3 0 11 864
16 3 0 12 680
16 3 0 13 512
16 3 0 14 232
16 3 1 2 4
16 3 1 14 4
16 4 0 2 476
16 4 0 3 2541
16 4 0 4 5525
16 4 0 5 8399
16 4 0 6 10082
16 4 0 7 10623
16 4 0 8 10197
16 4 0 9 8952
16 4 0 10 7248
16 4 0 11 5422
16 4 0 12 3903
16 4 0 13 2090
16 4 0 14 980
16 4 1 2 48
16 4 1 3 24
16 4 1 4 28
16 4 1 5 28
16 4 1 6 28
16 4 1 7 28
16 4 1 8 28
16 4 1 9 28
16 4 1 10 28
16 4 1 11 28
16 4 1 12 24
16 4 1 13 24
16 4 1 14 44
16 5 0 2 576
16 5 0 3 8758
16 5 0 4 25568
16 5 0 5 44888
16 5 0 6 58068
16 5 0 7 62084
16 5 0 8 57852
16 5 0 9 48300
16 5 0 10 36868
16 5 0 11 25176
16 5 0 12 13866
16 5 0 13 4456
16 5 1 2 144
16 5 1 3 500
16 5 1 4 692
16 5 1 5 788
16 5 1 6 804
16 5 1 7 784
16 5 1 8 728
16 5 1 9 672
16 5 1 10 616
16 5 1 11 580
16 5 1 12 484
16 5 1 13 468
16 5 2 2 4
16 5 2 3 4
16 5 2 12 4
16 5 2 13 4
17 0 0 1 1
17 0 0 17 1
17 1 0 2 4
17 1 0 3 4
17 1 0 4 4
17 1 0 5 4
17 1 0 6 4
17 1 0 7 4
17 1 0 8 4
17 1 0 9 4
17 1 0 10 4
17 1 0 11 4
17 1 0 12 4
17 1 0 13 4
17 1 0 14 4
17 1 0 15 4
17 1 0 16 4
17 2 0 2 58
17 2 0 3 66
17 2 0 4 90
17 2 0 5 92
17 2 0 6 94
17 2 0 7 96
17 2 0 8 96
17 2 0 9 90
17 2 0 10 84
17 2 0 11 78
17 2 0 12 72
17 2 0 13 66
17 2 0 14 64
17 2 0 15 58
17 2 0 16 56
17 3 0 2 96
17 3 0 3 512
17 3 0 4 980
17 3 0 5 1236
17 3 0 6 1392
17 3 0 7 1456
17 3 0 8 1436
17 3 0 9 1376
17 3 0 10 1276
17 3 0 11 1136
17 3 0 12 960
17 3 0 13 748
17 3 0 14 560
17 3 0 15 252
17 3 1 2 4
17 3 1 15 4
17 4 0 2 568
17 4 0 3 2990
17 4 0 4 6692
17 4 0 5 10383
17 4 0 6 12700
17 4 0 7 13826
17 4 0 8 13674
17 4 0 9 12596
17 4 0 10 10776
17 4 0 11 8587
17 4 0 12 6374
17 4 0 13 4572
17 4 0 14 2474
17 4 0 15 1165
17 4 1 2 52
17 4 1 3 24
17 4 1 4 28
17 4 1 5 28
17 4 1 6 28
17 4 1 7 28
17 4 1 8 28
17 4 1 9 28
17 4 1 10 28
17 4 1 11 28
17 4 1 12 28
17 4 1 13 24
17 4 1 14 24
17 4 1 15 48
17 5 0 2 720
17 5 0 3 11006
17 5 0 4 33218
17 5 0 5 60222
17 5 0 6 80826
17 5 0 7 89886
17 5 0 8 88224
17 5 0 9 77904
17 5 0 10 62956
17 5 0 11 46968
17 5 0 12 31476
17 5 0 13 17158
17 5 0 14 5428
17 5 1 2 160
17 5 1 3 548
17 5 1 4 756
17 5 1 5 864
17 5 1 6 884
17 5 1 7 884
17 5 1 8 844
17 5 1 9 784
17 5 1 10 728
17 5 1 11 672
17 5 1 12 636
17 5 1 13 532
17 5 1 14 516
17 5 2 2 4
17 5 2 3 4
17 5 2 13 4
17 5 2 14 4
18 0 0 1 1
18 0 0 18 1
18 1 0 2 4
18 1 0 3 4
18 1 0 4 4
18 1 0 5 4
18 1 0 6 4
18 1 0 7 4
18 1 0 8 4
18 1 0 9 4
18 1 0 10 4
18 1 0 11 4
18 1 0 12 4
18 1 0 13 4
18 1 0 14 4
18 1 0 15 4
18 1 0 16 4
18 1 0 17 4
18 2 0 2 62
18 2 0 3 70
18 2 0 4 96
18 2 0 5 98
18 2 0 6 100
18 2 0 7 102
18 2 0 8 104
18 2 0 9 100
18 2 0 10 94
18 2 0 11 88
18 2 0 12 82
18 2 0 13 76
18 2 0 14 70
18 2 0 15 68
18 2 0 16 62
18 2 0 17 60
18 3 0 2 104
18 3 0 3 556
18 3 0 4 1104
18 3 0 5 1396
18 3 0 6 1592
18 3 0 7 1692
18 3 0 8 1700
18 3 0 9 1644
18 3 0 10 1556
18 3 0 11 1428
18 3 0 12 1260
18 3 0 13 1056
18 3 0 14 816
18 3 0 15 608
18 3 0 16 272
18 3 1 2 4
18 3 1 16 4
18 4 0 2 668
18 4 0 3 3471
18 4 0 4 7940
18 4 0 5 12537
18 4 0 6 15639
18 4 0 7 17381
18 4 0 8 17720
18 4 0 9 16866
18 4 0 10 15107
18 4 0 11 12696
18 4 0 12 10006
18 4 0 13 7390
18 4 0 14 5289
18 4 0 15 2890
18 4 0 16 1366
18 4 1 2 56
18 4 1 3 24
18 4 1 4 28
18 4 1 5 28
18 4 1 6 28
18 4 1 7 28
18 4 1 8 28
18 4 1 9 28
18 4 1 10 28
18 4 1 11 28
18 4 1 12 28
18 4 1 13 28
18 4 1 14 24
18 4 1 15 24
18 4 1 16 52
18 5 0 2 880
18 5 0 3 13510
18 5 0 4 42120
18 5 0 5 78552
18 5 0 6 108360
18 5 0 7 124980
18 5 0 8 127356
18 5 0 9 118080
18 5 0 10 100676
18 5 0 11 79500
18 5 0 12 58284
18 5 0 13 38480
18 5 0 14 20802
18 5 0 15 6496
18 5 1 2 176
18 5 1 3 596
18 5 1 4 824
18 5 1 5 940
18 5 1 6 960
18 5 1 7 976
18 5 1 8 956
18 5 1 9 900
18 5 1 10 840
18 5 1 11 784
18 5 1 12 728
18 5 1 13 692
18 5 1 14 580
18 5 1 15 564
18 5 2 2 4
18 5 2 3 4
18 5 2 14 4
18 5 2 15 4
19 0 0 1 1
19 0 0 19 1
19 1 0 2 4
19 1 0 3 4
19 1 0 4 4
19 1 0 5 4
19 1 0 6 4
19 1 0 7 4
19 1 0 8 4
19 1 0 9 4
19 1 0 10 4
19 1 0 11 4
19 1 0 12 4
19 1 0 13 4
19 1 0 14 4
19 1 0 15 4
19 1 0 16 4
19 1 0 17 4
19 1 0 18 4
19 2 0 2 66
19 2 0 3 74
19 2 0 4 102
19 2 0 5 104
19 2 0 6 106
19 2 0 7 108
19 2 0 8 110
19 2 0 9 110
19 2 0 10 104
19 2 0 11 98
19 2 0 12 92
19 2 0 13 86
19 2 0 14 80
19 2 0 15 74
19 2 0 16 72
19 2 0 17 66
19 2 0 18 64
19 3 0 2 112
19 3 0 3 600
19 3 0 4 1220
19 3 0 5 1552
19 3 0 6 1784
19 3 0 7 1924
19 3 0 8 1968
19 3 0 9 1932
19 3 0 10 1852
19 3 0 11 1736
19 3 0 12 1580
19 3 0 13 1384
19 3 0 14 1152
19 3 0 15 884
19 3 0 16 656
19 3 0 17 292
19 3 1 2 4
19 3 1 17 4
19 4 0 2 776
19 4 0 3 3984
19 4 0 4 9322
19 4 0 5 14920
19 4 0 6 18880
19 4 0 7 21391
19 4 0 8 22324
19 4 0 9 21823
19 4 0 10 20186
19 4 0 11 17730
19 4 0 12 14712
19 4 0 13 11505
19 4 0 14 8470
19 4 0 15 6054
19 4 0 16 3338
19 4 0 17 1583
19 4 1 2 60
19 4 1 3 24
19 4 1 4 28
19 4 1 5 28
19 4 1 6 28
19 4 1 7 28
19 4 1 8 28
19 4 1 9 28
19 4 1 10 28
19 4 1 11 28
19 4 1 12 28
19 4 1 13 28
19 4 1 14 28
19 4 1 15 24
19 4 1 16 24
19 4 1 17 56
19 5 0 2 1056
19 5 0 3 16270
19 5 0 4 52332
19 5 0 5 100020
19 5 0 6 141240
19 5 0 7 167756
19 5 0 8 176540
19 5 0 9 169964
19 5 0 10 151648
19 5 0 11 126168
19 5 0 12 97932
19 5 0 13 70816
19 5 0 14 46188
19 5 0 15 24798
19 5 0 16 7660
19 5 1 2 192
19 5 1 3 644
19 5 1 4 888
19 5 1 5 1016
19 5 1 6 1036
19 5 1 7 1056
19 5 1 8 1056
19 5 1 9 1016
19 5 1 10 956
19 5 1 11 896
19 5 1 12 840
19 5 1 13 784
19 5 1 14 748
19 5 1 15 628
19 5 1 16 612
19 5 2 2 4
19 5 2 3 4
19 5 2 15 4
19 5 2 16 4
20 0 0 1 1
20 0 0 20 1
20 1 0 2 4
20 1 0 3 4
20 1 0 4 4
20 1 0 5 4
20 1 0 6 4
20 1 0 7 4
20 1 0 8 4
20 1 0 9 4
20 1 0 10 4
20 1 0 11 4
20 1 0 12 4
20 1 0 13 4
20 1 0 14 4
20 1 0 15 4
20 1 0 16 4
20 1 0 17 4
20 1 0 18 4
20 1 0 19 4
20 2 0 2 70
20 2 0 3 78
20 2 0 4 108
20 2 0 5 110
20 2 0 6 112
20 2 0 7 114
20 2 0 8 116
20 2 0 9 118
20 2 0 10 114
20 2 0 11 108
20 2 0 12 102
20 2 0 13 96
20 2 0 14 90
20 2 0 15 84
20 2 0 16 78
20 2 0 17 76
20 2 0 18 70
20 2 0 19 68
20 3 0 2 120
20 3 0 3 644
20 3 0 4 1352
20 3 0 5 1720
20 3 0 6 1992
20 3 0 7 2168
20 3 0 8 2252
20 3 0 9 2240
20 3 0 10 2168
20 3 0 11 2060
20 3 0 12 1916
20 3 0 13 1732
20 3 0 14 1508
20 3 0 15 1248
20 3 0 16 952
20 3 0 17 704
20 3 0 18 312
20 3 1 2 4
20 3 1 18 4
20 4 0 2 892
20 4 0 3 4529
20 4 0 4 10789
20 4 0 5 17471
20 4 0 6 22442
20 4 0 7 25787
20 4 0 8 27445
20 4 0 9 27415
20 4 0 10 26084
20 4 0 11 23634
20 4 0 12 20465
20 4 0 13 16824
20 4 0 14 13084
20 4 0 15 9614
20 4 0 16 6867
20 4 0 17 3818
20 4 0 18 1816
20 4 1 2 64
20 4 1 3 24
20 4 1 4 28
20 4 1 5 28
20 4 1 6 28
20 4 1 7 28
20 4 1 8 28
20 4 1 9 28
20 4 1 10 28
20 4 1 11 28
20 4 1 12 28
20 4 1 13 28
20 4 1 14 28
20 4 1 15 28
20 4 1 16 24
20 4 1 17 24
20 4 1 18 60
20 5 0 2 1248
20 5 0 3 19286
20 5 0 4 63904
20 5 0 5 124780
20 5 0 6 179656
20 5 0 7 218744
20 5 0 8 236760
20 5 0 9 235044
20 5 0 10 217440
20 5 0 11 188928
20 5 0 12 154380
20 5 0 13 118252
20 5 0 14 84564
20 5 0 15 54600
20 5 0 16 29146
20 5 0 17 8920
20 5 1 2 208
20 5 1 3 692
20 5 1 4 956
20 5 1 5 1092
20 5 1 6 1112
20 5 1 7 1132
20 5 1 8 1148
20 5 1 9 1128
20 5 1 10 1072
20 5 1 11 1012
20 5 1 12 952
20 5 1 13 896
20 5 1 14 840
20 5 1 15 804
20 5 1 16 676
20 5 1 17 660
20 5 2 2 4
20 5 2 3 4
20 5 2 16 4
20 5 2 17 4
21 0 0 1 1
21 0 0 21 1
21 1 0 2 4
21 1 0 3 4
21 1 0 4 4
21 1 0 5 4
21 1 0 6 4
21 1 0 7 4
21 1 0 8 4
21 1 0 9 4
21 1 0 10 4
21 1 0 11 4
21 1 0 12 4
21 1 0 13 4
21 1 0 14 4
21 1 0 15 4
21 1 0 16 4
21 1 0 17 4
21 1 0 18 4
21 1 0 19 4
21 1 0 20 4
21 2 0 2 74
21 2 0 3 82
21 2 0 4 114
21 2 0 5 116
21 2 0 6 118
21 2 0 7 120
21 2 0 8 122
21 2 0 9 124
21 2 0 10 124
21 2 0 11 118
21 2 0 12 112
21 2 0 13 106
21 2 0 14 100
21 2 0 15 94
21 2 0 16 88
21 2 0 17 82
21 2 0 18 80
21 2 0 19 74
21 2 0 20 72
21 3 0 2 128
21 3 0 3 688
21 3 0 4 1476
21 3 0 5 1884
21 3 0 6 2192
21 3 0 7 2408
21 3 0 8 2528
21 3 0 9 2556
21 3 0 10 2500
21 3 0 11 2404
21 3 0 12 2268
21 3 0 13 2096
21 3 0 14 1884
21 3 0 15 1632
21 3 0 16 1344
21 3 0 17 1020
21 3 0 18 752
21 3 0 19 332
21 3 1 2 4
21 3 1 19 4
21 4 0 2 1016
21 4 0 3 5106
21 4 0 4 12390
21 4 0 5 20243
21 4 0 6 26278
21 4 0 7 30626
21 4 0 8 33064
21 4 0 9 33751
21 4 0 10 32724
21 4 0 11 30489
21 4 0 12 27210
21 4 0 13 23312
21 4 0 14 19032
21 4 0 15 14743
21 4 0 16 10822
21 4 0 17 7728
21 4 0 18 4330
21 4 0 19 2065
21 4 1 2 68
21 4 1 3 24
21 4 1 4 28
21 4 1 5 28
21 4 1 6 28
21 4 1 7 28
21 4 1 8 28
21 4 1 9 28
21 4 1 10 28
21 4 1 11 28
21 4 1 12 28
21 4 1 13 28
21 4 1 14 28
21 4 1 15 28
21 4 1 16 28
21 4 1 17 24
21 4 1 18 24
21 4 1 19 64
21 5 0 2 1456
21 5 0 3 22558
21 5 0 4 76910
21 5 0 5 153010
21 5 0 6 224066
21 5 0 7 278518
21 5 0 8 308830
21 5 0 9 314558
21 5 0 10 300044
21 5 0 11 269780
21 5 0 12 229920
21 5 0 13 185312
21 5 0 14 140460
21 5 0 15 99528
21 5 0 16 63716
21 5 0 17 33846
21 5 0 18 10276
21 5 1 2 224
21 5 1 3 740
21 5 1 4 1020
21 5 1 5 1168
21 5 1 6 1188
21 5 1 7 1208
21 5 1 8 1228
21 5 1 9 1228
21 5 1 10 1188
21 5 1 11 1128
21 5 1 12 1068
21 5 1 13 1008
21 5 1 14 952
21 5 1 15 896
21 5 1 16 860
21 5 1 17 724
21 5 1 18 708
21 5 2 2 4
21 5 2 3 4
21 5 2 17 4
21 5 2 18 4
22 0 0 1 1
22 0 0 22 1
22 1 0 2 4
22 1 0 3 4
22 1 0 4 4
22 1 0 5 4
22 1 0 6 4
22 1 0 7 4
22 1 0 8 4
22 1 0 9 4
22 1 0 10 4
22 1 0 11 4
22 1 0 12 4
22 1 0 13 4
22 1 0 14 4
22 1 0 15 4
22 1 0 16 4
22 1 0 17 4
22 1 0 18 4
22 1 0 19 4
22 1 0 20 4
22 1 0 21 4
22 2 0 2 78
22 2 0 3 86
22 2 0 4 120
22 2 0 5 122
22 2 0 6 124
22 2 0 7 126
22 2 0 8 128
22 2 0 9 130
22 2 0 10 132
22 2 0 11 128
22 2 0 12 122
22 2 0 13 116
22 2 0 14 110
22 2 0 15 104
22 2 0 16 98
22 2 0 17 92
22 2 0 18 86
22 2 0 19 84
22 2 0 20 78
22 2 0 21 76
22 3 0 2 136
22 3 0 3 732
22 3 0 4 1616
22 3 0 5 2060
22 3 0 6 2408
22 3 0 7 2660
22 3 0 8 2820
22 3 0 9 2884
22 3 0 10 2856
22 3 0 11 2764
22 3 0 12 2640
22 3 0 13 2476
22 3 0 14 2276
22 3 0 15 2036
22 3 0 16 1756
22 3 0 17 1440
22 3 0 18 1088
22 3 0 19 800
22 3 0 20 352
22 3 1 2 4
22 3 1 20 4
22 4 0 2 1148
22 4 0 3 5715
22 4 0 4 14080
22 4 0 5 23191
22 4 0 6 30429
22 4 0 7 35857
22 4 0 8 39236
22 4 0 9 40645
22 4 0 10 40203
22 4 0 11 38208
22 4 0 12 35038
22 4 0 13 30914
22 4 0 14 26271
22 4 0 15 21336
22 4 0 16 16482
22 4 0 17 12094
22 4 0 18 8637
22 4 0 19 4874
22 4 0 20 2330
22 4 1 2 72
22 4 1 3 24
22 4 1 4 28
22 4 1 5 28
22 4 1 6 28
22 4 1 7 28
22 4 1 8 28
22 4 1 9 28
22 4 1 10 28
22 4 1 11 28
22 4 1 12 28
22 4 1 13 28
22 4 1 14 28
22 4 1 15 28
22 4 1 16 28
22 4 1 17 28
22 4 1 18 24
22 4 1 19 24
22 4 1 20 68
22 5 0 2 1680
22 5 0 3 26086
22 5 0 4 91384
22 5 0 5 184792
22 5 0 6 274652
22 5 0 7 347508
22 5 0 8 393264
22 5 0 9 409964
22 5 0 10 400812
22 5 0 11 371224
22 5 0 12 326984
22 5 0 13 274624
22 5 0 14 218964
22 5 0 15 164556
22 5 0 16 115708
22 5 0 17 73536
22 5 0 18 38898
22 5 0 19 11728
22 5 1 2 240
22 5 1 3 788
22 5 1 4 1088
22 5 1 5 1244
22 5 1 6 1264
22 5 1 7 1284
22 5 1 8 1304
22 5 1 9 1320
22 5 1 10 1300
22 5 1 11 1244
22 5 1 12 1184
22 5 1 13 1124
22 5 1 14 1064
22 5 1 15 1008
22 5 1 16 952
22 5 1 17 916
22 5 1 18 772
22 5 1 19 756
22 5 2 2 4
22 5 2 3 4
22 5 2 18 4
22 5 2 19 4
23 0 0 1 1
23 0 0 23 1
23 1 0 2 4
23 1 0 3 4
23 1 0 4 4
23 1 0 5 4
23 1 0 6 4
23 1 0 7 4
23 1 0 8 4
23 1 0 9 4
23 1 0 10 4
23 1 0 11 4
23 1 0 12 4
23 1 0 13 4
23 1 0 14 4
23 1 0 15 4
23 1 0 16 4
23 1 0 17 4
23 1 0 18 4
23 1 0 19 4
23 1 0 20 4
23 1 0 21 4
23 1 0 22 4
23 2 0 2 82
23 2 0 3 90
23 2 0 4 126
23 2 0 5 128
23 2 0 6 130
23 2 0 7 132
23 2 0 8 134
23 2 0 9 136
23 2 0 10 138
23 2 0 11 138
23 2 0 12 132
23 2 0 13 126
23 2 0 14 120
23 2 0 15 114
23 2 0 16 108
23 2 0 17 102
23 2 0 18 96
23 2 0 19 90
23 2 0 20 88
23 2 0 21 82
23 2 0 22 80
23 3 0 2 144
23 3 0 3 776
23 3 0 4 1748
23 3 0 5 2232
23 3 0 6 2616
23 3 0 7 2908
23 3 0 8 3104
23 3 0 9 3208
23 3 0 10 3216
23 3 0 11 3144
23 3 0 12 3028
23 3 0 13 2876
23 3 0 14 2684
23 3 0 15 2456
23 3 0 16 2188
23 3 0 17 1880
23 3 0 18 1536
23 3 0 19 1156
23 3 0 20 848
23 3 0 21 372
23 3 1 2 4
23 3 1 21 4
23 4 0 2 1288
23 4 0 3 6356
23 4 0 4 15904
23 4 0 5 26356
23 4 0 6 34832
23 4 0 7 41505
23 4 0 8 45892
23 4 0 9 48202
23 4 0 10 48468
23 4 0 11 46882
23 4 0 12 43852
23 4 0 13 39731
23 4 0 14 34746
23 4 0 15 29342
23 4 0 16 23736
23 4 0 17 18301
23 4 0 18 13430
23 4 0 19 9594
23 4 0 20 5450
23 4 0 21 2611
23 4 1 2 76
23 4 1 3 24
23 4 1 4 28
23 4 1 5 28
23 4 1 6 28
23 4 1 7 28
23 4 1 8 28
23 4 1 9 28
23 4 1 10 28
23 4 1 11 28
23 4 1 12 28
23 4 1 13 28
23 4 1 14 28
23 4 1 15 28
23 4 1 16 28
23 4 1 17 28
23 4 1 18 28
23 4 1 19 24
23 4 1 20 24
23 4 1 21 72
23 5 0 2 1920
23 5 0 3 29870
23 5 0 4 107416
23 5 0 5 220360
23 5 0 6 331712
23 5 0 7 426264
23 5 0 8 490888
23 5 0 9 522100
23 5 0 10 521516
23 5 0 11 495080
23 5 0 12 448580
23 5 0 13 389052
23 5 0 14 323040
23 5 0 15 255336
23 5 0 16 190540
23 5 0 17 133104
23 5 0 18 84060
23 5 0 19 44302
23 5 0 20 13276
23 5 1 2 256
23 5 1 3 836
23 5 1 4 1152
23 5 1 5 1320
23 5 1 6 1340
23 5 1 7 1360
23 5 1 8 1380
23 5 1 9 1400
23 5 1 10 1400
23 5 1 11 1360
23 5 1 12 1300
23 5 1 13 1240
23 5 1 14 1180
23 5 1 15 1120
23 5 1 16 1064
23 5 1 17 1008
23 5 1 18 972
23 5 1 19 820
23 5 1 20 804
23 5 2 2 4
23 5 2 3 4
23 5 2 19 4
23 5 2 20 4
24 0 0 1 1
24 0 0 24 1
24 1 0 2 4
24 1 0 3 4
24 1 0 4 4
24 1 0 5 4
24 1 0 6 4
24 1 0 7 4
24 1 0 8 4
24 1 0 9 4
24 1 0 10 4
24 1 0 11 4
24 1 0 12 4
24 1 0 13 4
24 1 0 14 4
24 1 0 15 4
24 1 0 16 4
24 1 0 17 4
24 1 0 18 4
24 1 0 19 4
24 1 0 20 4
24 1 0 21 4
24 1 0 22 4
24 1 0 23 4
24 2 0 2 86
24 2 0 3 94
24 2 0 4 132
24 2 0 5 134
24 2 0 6 136
24 2 0 7 138
24 2 0 8 140
24 2 0 9 142
24 2 0 10 144
24 2 0 11 146
24 2 0 12 142
24 2 0 13 136
24 2 0 14 130
24 2 0 15 124
24 2 0 16 118
24 2 0 17 112
24 2 0 18 106
24 2 0 19 100
24 2 0 20 94
24 2 0 21 92
24 2 0 22 86
24 2 0 23 84
24 3 0 2 152
24 3 0 3 820
24 3 0 4 1896
24 3 0 5 2416
24 3 0 6 2840
24 3 0 7 3168
24 3 0 8 3404
24 3 0 9 3544
24 3 0 10 3592
24 3 0 11 3544
24 3 0 12 3436
24 3 0 13 3292
24 3 0 14 3112
24 3 0 15 2892
24 3 0 16 2636
24 3 0 17 2340
24 3 0 18 2004
24 3 0 19 1632
24 3 0 20 1224
24 3 0 21 896
24 3 0 22 392
24 3 1 2 4
24 3 1 22 4
24 4 0 2 1436
24 4 0 3 7029
24 4 0 4 17821
24 4 0 5 29705
24 4 0 6 39558
24 4 0 7 47533
24 4 0 8 53113
24 4 0 9 56359
24 4 0 10 57474
24 4 0 11 56435
24 4 0 12 53753
24 4 0 13 49656
24 4 0 14 44568
24 4 0 15 38706
24 4 0 16 32525
24 4 0 17 26232
24 4 0 18 20200
24 4 0 19 14830
24 4 0 20 10599
24 4 0 21 6058
24 4 0 22 2908
24 4 1 2 80
24 4 1 3 24
24 4 1 4 28
24 4 1 5 28
24 4 1 6 28
24 4 1 7 28
24 4 1 8 28
24 4 1 9 28
24 4 1 10 28
24 4 1 11 28
24 4 1 12 28
24 4 1 13 28
24 4 1 14 28
24 4 1 15 28
24 4 1 16 28
24 4 1 17 28
24 4 1 18 28
24 4 1 19 28
24 4 1 20 24
24 4 1 21 24
24 4 1 22 76
24 5 0 2 2176
24 5 0 3 33910
24 5 0 4 125024
24 5 0 5 259740
24 5 0 6 395496
24 5 0 7 515200
24 5 0 8 602320
24 5 0 9 651716
24 5 0 10 663676
24 5 0 11 643196
24 5 0 12 597000
24 5 0 13 532112
24 5 0 14 455984
24 5 0 15 375168
24 5 0 16 294428
24 5 0 17 218412
24 5 0 18 151716
24 5 0 19 95288
24 5 0 20 50058
24 5 0 21 14920
24 5 1 2 272
24 5 1 3 884
24 5 1 4 1220
24 5 1 5 1396
24 5 1 6 1416
24 5 1 7 1436
24 5 1 8 1456
24 5 1 9 1476
24 5 1 10 1492
24 5 1 11 1472
24 5 1 12 1416
24 5 1 13 1356
24 5 1 14 1296
24 5 1 15 1236
24 5 1 16 1176
24 5 1 17 1120
24 5 1 18 1064
24 5 1 19 1028
24 5 1 20 868
24 5 1 21 852
24 5 2 2 4
24 5 2 3 4
24 5 2 20 4
24 5 2 21 4
25 0 0 1 1
25 0 0 25 1
25 1 0 2 4
25 1 0 3 4
25 1 0 4 4
25 1 0 5 4
25 1 0 6 4
25 1 0 7 4
25 1 0 8 4
25 1 0 9 4
25 1 0 10 4
25 1 0 11 4
25 1 0 12 4
25 1 0 13 4
25 1 0 14 4
25 1 0 15 4
25 1 0 16 4
25 1 0 17 4
25 1 0 18 4
25 1 0 19 4
25 1 0 20 4
25 1 0 21 4
25 1 0 22 4
25 1 0 23 4
25 1 0 24 4
25 2 0 2 90
25 2 0 3 98
25 2 0 4 138
25 2 0 5 140
25 2 0 6 142
25 2 0 7 144
25 2 0 8 146
25 2 0 9 148
25 2 0 10 150
25 2 0 11 152
25 2 0 12 152
25 2 0 13 146
25 2 0 14 140
25 2 0 15 134
25 2 0 16 128
25 2 0 17 122
25 2 0 18 116
25 2 0 19 110
25 2 0 20 104
25 2 0 21 98
25 2 0 22 96
25 2 0 23 90
25 2 0 24 88
25 3 0 2 160
25 3 0 3 864
25 3 0 4 2036
25 3 0 5 2596
25 3 0 6 3056
25 3 0 7 3424
25 3 0 8 3696
25 3 0 9 3876
25 3 0 10 3960
25 3 0 11 3952
25 3 0 12 3860
25 3 0 13 3728
25 3 0 14 3556
25 3 0 15 3348
25 3 0 16 3100
25 3 0 17 2816
25 3 0 18 2492
25 3 0 19 2128
25 3 0 20 1728
25 3 0 21 1292
25 3 0 22 944
25 3 0 23 412
25 3 1 2 4
25 3 1 23 4
25 4 0 2 1592
25 4 0 3 7734
25 4 0 4 19872
25 4 0 5 33267
25 4 0 6 44528
25 4 0 7 53948
25 4 0 8 60790
25 4 0 9 65163
25 4 0 10 67168
25 4 0 11 66978
25 4 0 12 64638
25 4 0 13 60800
25 4 0 14 55620
25 4 0 15 49549
25 4 0 16 42794
25 4 0 17 35820
25 4 0 18 28824
25 4 0 19 22179
25 4 0 20 16294
25 4 0 21 11652
25 4 0 22 6698
25 4 0 23 3221
25 4 1 2 84
25 4 1 3 24
25 4 1 4 28
25 4 1 5 28
25 4 1 6 28
25 4 1 7 28
25 4 1 8 28
25 4 1 9 28
25 4 1 10 28
25 4 1 11 28
25 4 1 12 28
25 4 1 13 28
25 4 1 14 28
25 4 1 15 28
25 4 1 16 28
25 4 1 17 28
25 4 1 18 28
25 4 1 19 28
25 4 1 20 28
25 4 1 21 24
25 4 1 22 24
25 4 1 23 80
25 5 0 2 2448
25 5 0 3 38206
25 5 0 4 144314
25 5 0 5 303222
25 5 0 6 466154
25 5 0 7 614702
25 5 0 8 728086
25 5 0 9 799850
25 5 0 10 828410
25 5 0 11 817454
25 5 0 12 774568
25 5 0 13 706568
25 5 0 14 621820
25 5 0 15 527780
25 5 0 16 431008
25 5 0 17 336240
25 5 0 18 248172
25 5 0 19 171544
25 5 0 20 107220
25 5 0 21 56166
25 5 0 22 16660
25 5 1 2 288
25 5 1 3 932
25 5 1 4 1284
25 5 1 5 1472
25 5 1 6 1492
25 5 1 7 1512
25 5 1 8 1532
25 5 1 9 1552
25 5 1 10 1572
25 5 1 11 1572
25 5 1 12 1532
25 5 1 13 1472
25 5 1 14 1412
25 5 1 15 1352
25 5 1 16 1292
25 5 1 17 1232
25 5 1 18 1176
25 5 1 19 1120
25 5 1 20 1084
25 5 1 21 916
25 5 1 22 900
25 5 2 2 4
25 5 2 3 4
25 5 2 21 4
25 5 2 22 4
26 0 0 1 1
26 0 0 26 1
26 1 0 2 4
26 1 0 3 4
26 1 0 4 4
26 1 0 5 4
26 1 0 6 4
26 1 0 7 4
26 1 0 8 4
26 1 0 9 4
26 1 0 10 4
26 1 0 11 4
26 1 0 12 4
26 1 0 13 4
26 1 0 14 4
26 1 0 15 4
26 1 0 16 4
26 1 0 17 4
26 1 0 18 4
26 1 0 19 4
26 1 0 20 4
26 1 0 21 4
26 1 0 22 4
26 1 0 23 4
26 1 0 24 4
26 1 0 25 4
26 2 0 2 94
26 2 0 3 102
26 2 0 4 144
26 2 0 5 146
26 2 0 6 148
26 2 0 7 150
26 2 0 8 152
26 2 0 9 154
26 2 0 10 156
26 2 0 11 158
26 2 0 12 160
26 2 0 13 156
26 2 0 14 150
26 2 0 15 144
26 2 0 16 138
26 2 0 17 132
26 2 0 18 126
26 2 0 19 120
26 2 0 20 114
26 2 0 21 108
26 2 0 22 102
26 2 0 23 100
26 2 0 24 94
26 2 0 25 92
26 3 0 2 168
26 3 0 3 908
26 3 0 4 2192
26 3 0 5 2788
26 3 0 6 3288
26 3 0 7 3692
26 3 0 8 4004
26 3 0 9 4220
26 3 0 10 4344
26 3 0 11 4372
26 3 0 12 4308
26 3 0 13 4180
26 3 0 14 4020
26 3 0 15 3820
26 3 0 16 3584
26 3 0 17 3308
26 3 0 18 2996
26 3 0 19 2644
26 3 0 20 2252
26 3 0 21 1824
26 3 0 22 1360
26 3 0 23 992
26 3 0 24 432
26 3 1 2 4
26 3 1 24 4
26 4 0 2 1756
26 4 0 3 8471
26 4 0 4 22020
26 4 0 5 37021
26 4 0 6 49833
26 4 0 7 60741
26 4 0 8 69022
26 4 0 9 74581
26 4 0 10 77651
26 4 0 11 78285
26 4 0 12 76624
26 4 0 13 73050
26 4 0 14 68023
26 4 0 15 61744
26 4 0 16 54674
26 4 0 17 47010
26 4 0 18 39227
26 4 0 19 31512
26 4 0 20 24238
26 4 0 21 17822
26 4 0 22 12753
26 4 0 23 7370
26 4 0 24 3550
26 4 1 2 88
26 4 1 3 24
26 4 1 4 28
26 4 1 5 28
26 4 1 6 28
26 4 1 7 28
26 4 1 8 28
26 4 1 9 28
26 4 1 10 28
26 4 1 11 28
26 4 1 12 28
26 4 1 13 28
26 4 1 14 28
26 4 1 15 28
26 4 1 16 28
26 4 1 17 28
26 4 1 18 28
26 4 1 19 28
26 4 1 20 28
26 4 1 21 28
26 4 1 22 24
26 4 1 23 24
26 4 1 24 84
26 5 0 2 2736
26 5 0 3 42758
26 5 0 4 165288
26 5 0 5 350776
26 5 0 6 544052
26 5 0 7 725156
26 5 0 8 869116
26 5 0 9 967148
26 5 0 10 1016680
26 5 0 11 1019696
26 5 0 12 983192
26 5 0 13 915224
26 5 0 14 823784
26 5 0 15 717704
26 5 0 16 604440
26 5 0 17 490560
26 5 0 18 380772
26 5 0 19 279820
26 5 0 20 192588
26 5 0 21 119856
26 5 0 22 62626
26 5 0 23 18496
26 5 1 2 304
26 5 1 3 980
26 5 1 4 1352
26 5 1 5 1548
26 5 1 6 1568
26 5 1 7 1588
26 5 1 8 1608
26 5 1 9 1628
26 5 1 10 1648
26 5 1 11 1664
26 5 1 12 1644
26 5 1 13 1588
26 5 1 14 1528
26 5 1 15 1468
26 5 1 16 1408
26 5 1 17 1348
26 5 1 18 1288
26 5 1 19 1232
26 5 1 20 1176
26 5 1 21 1140
26 5 1 22 964
26 5 1 23 948
26 5 2 2 4
26 5 2 3 4
26 5 2 22 4
26 5 2 23 4
27 0 0 1 1
27 0 0 27 1
27 1 0 2 4
27 1 0 3 4
27 1 0 4 4
27 1 0 5 4
27 1 0 6 4
27 1 0 7 4
27 1 0 8 4
27 1 0 9 4
27 1 0 10 4
27 1 0 11 4
27 1 0 12 4
27 1 0 13 4
27 1 0 14 4
27 1 0 15 4
27 1 0 16 4
27 1 0 17 4
27 1 0 18 4
27 1 0 19 4
27 1 0 20 4
27 1 0 21 4
27 1 0 22 4
27 1 0 23 4
27 1 0 24 4
27 1 0 25 4
27 1 0 26 4
27 2 0 2 98
27 2 0 3 106
27 2 0 4 150
27 2 0 5 152
27 2 0 6 154
27 2 0 7 156
27 2 0 8 158
27 2 0 9 160
27 2 0 10 162
27 2 0 11 164
27 2 0 12 166
27 2 0 13 166
27 2 0 14 160
27 2 0 15 154
27 2 0 16 148
27 2 0 17 142
27 2 0 18 136
27 2 0 19 130
27 2 0 20 124
27 2 0 21 118
27 2 0 22 112
27 2 0 23 106
27 2 0 24 104
27 2 0 25 98
27 2 0 26 96
27 3 0 2 176
27 3 0 3 952
27 3 0 4 2340
27 3 0 5 2976
27 3 0 6 3512
27 3 0 7 3956
27 3 0 8 4304
27 3 0 9 4560
27 3 0 10 4720
27 3 0 11 4788
27 3 0 12 4760
27 3 0 13 4652
27 3 0 14 4500
27 3 0 15 4312
27 3 0 16 4084
27 3 0 17 3820
27 3 0 18 3516
27 3 0 19 3176
27 3 0 20 2796
27 3 0 21 2376
27 3 0 22 1920
27 3 0 23 1428
27 3 0 24 1040
27 3 0 25 452
27 3 1 2 4
27 3 1 25 4
27 4 0 2 1928
27 4 0 3 9240
27 4 0 4 24302
27 4 0 5 40984
27 4 0 6 55374
27 4 0 7 67909
27 4 0 8 77674
27 4 0 9 84620
27 4 0 10 88800
27 4 0 11 90467
27 4 0 12 89624
27 4 0 13 86515
27 4 0 14 81654
27 4 0 15 75422
27 4 0 16 68028
27 4 0 17 59943
27 4 0 18 51354
27 4 0 19 42746
27 4 0 20 34296
27 4 0 21 26377
27 4 0 22 19414
27 4 0 23 13902
27 4 0 24 8074
27 4 0 25 3895
27 4 1 2 92
27 4 1 3 24
27 4 1 4 28
27 4 1 5 28
27 4 1 6 28
27 4 1 7 28
27 4 1 8 28
27 4 1 9 28
27 4 1 10 28
27 4 1 11 28
27 4 1 12 28
27 4 1 13 28
27 4 1 14 28
27 4 1 15 28
27 4 1 16 28
27 4 1 17 28
27 4 1 18 28
27 4 1 19 28
27 4 1 20 28
27 4 1 21 28
27 4 1 22 28
27 4 1 23 24
27 4 1 24 24
27 4 1 25 88
27 5 0 2 3040
27 5 0 3 47566
27 5 0 4 188068
27 5 0 5 402748
27 5 0 6 629224
27 5 0 7 846872
27 5 0 8 1025420
27 5 0 9 1154484
27 5 0 10 1229528
27 5 0 11 1251312
27 5 0 12 1225128
27 5 0 13 1160460
27 5 0 14 1065160
27 5 0 15 948648
27 5 0 16 819764
27 5 0 17 685964
27 5 0 18 553824
27 5 0 19 428024
27 5 0 20 313356
27 5 0 21 214848
27 5 0 22 133196
27 5 0 23 69438
27 5 0 24 20428
27 5 1 2 320
27 5 1 3 1028
27 5 1 4 1416
27 5 1 5 1624
27 5 1 6 1644
27 5 1 7 1664
27 5 1 8 1684
27 5 1 9 1704
27 5 1 10 1724
27 5 1 11 1744
27 5 1 12 1744
27 5 1 13 1704
27 5 1 14 1644
27 5 1 15 1584
27 5 1 16 1524
27 5 1 17 1464
27 5 1 18 1404
27 5 1 19 1344
27 5 1 20 1288
27 5 1 21 1232
27 5 1 22 1196
27 5 1 23 1012
27 5 1 24 996
27 5 2 2 4
27 5 2 3 4
27 5 2 23 4
27 5 2 24 4
28 0 0 1 1
28 0 0 28 1
28 1 0 2 4
28 1 0 3 4
28 1 0 4 4
28 1 0 5 4
28 1 0 6 4
28 1 0 7 4
28 1 0 8 4
28 1 0 9 4
28 1 0 10 4
28 1 0 11 4
28 1 0 12 4
28 1 0 13 4
28 1 0 14 4
28 1 0 15 4
28 1 0 16 4
28 1 0 17 4
28 1 0 18 4
28 1 0 19 4
28 1 0 20 4
28 1 0 21 4
28 1 0 22 4
28 1 0 23 4
28 1 0 24 4
28 1 0 25 4
28 1 0 26 4
28 1 0 27 4
28 2 0 2 102
28 2 0 3 110
28 2 0 4 156
28 2 0 5 158
28 2 0 6 160
28 2 0 7 162
28 2 0 8 164
28 2 0 9 166
28 2 0 10 168
28 2 0 11 170
28 2 0 12 172
28 2 0 13 174
28 2 0 14 170
28 2 0 15 164
28 2 0 16 158
28 2 0 17 152
28 2 0 18 146
28 2 0 19 140
28 2 0 20 134
28 2 0 21 128
28 2 0 22 122
28 2 0 23 116
28 2 0 24 110
28 2 0 25 108
28 2 0 26 102
28 2 0 27 100
28 3 0 2 184
28 3 0 3 996
28 3 0 4 2504
28 3 0 5 3176
28 3 0 6 3752
28 3 0 7 4232
28 3 0 8 4620
28 3 0 9 4912
28 3 0 10 5112
28 3 0 11 5216
28 3 0 12 5228
28 3 0 13 5144
28 3 0 14 5000
28 3 0 15 4820
28 3 0 16 4604
28 3 0 17 4348
28 3 0 18 4056
28 3 0 19 3724
28 3 0 20 3356
28 3 0 21 2948
28 3 0 22 2500
28 3 0 23 2016
28 3 0 24 1496
28 3 0 25 1088
28 3 0 26 472
28 3 1 2 4
28 3 1 26 4
28 4 0 2 2108
28 4 0 3 10041
28 4 0 4 26685
28 4 0 5 45147
28 4 0 6 61262
28 4 0 7 75467
28 4 0 8 86871
28 4 0 9 95261
28 4 0 10 100758
28 4 0 11 103463
28 4 0 12 103593
28 4 0 13 101103
28 4 0 14 96632
28 4 0 15 90450
28 4 0 16 82997
28 4 0 17 74472
28 4 0 18 65356
28 4 0 19 55826
28 4 0 20 46377
28 4 0 21 37176
28 4 0 22 28596
28 4 0 23 21070
28 4 0 24 15099
28 4 0 25 8810
28 4 0 26 4256
28 4 1 2 96
28 4 1 3 24
28 4 1 4 28
28 4 1 5 28
28 4 1 6 28
28 4 1 7 28
28 4 1 8 28
28 4 1 9 28
28 4 1 10 28
28 4 1 11 28
28 4 1 12 28
28 4 1 13 28
28 4 1 14 28
28 4 1 15 28
28 4 1 16 28
28 4 1 17 28
28 4 1 18 28
28 4 1 19 28
28 4 1 20 28
28 4 1 21 28
28 4 1 22 28
28 4 1 23 28
28 4 1 24 24
28 4 1 25 24
28 4 1 26 92
28 5 0 2 3360
28 5 0 3 52630
28 5 0 4 212640
28 5 0 5 459052
28 5 0 6 722156
28 5 0 7 980240
28 5 0 8 1198200
28 5 0 9 1362716
28 5 0 10 1468080
28 5 0 11 1513220
28 5 0 12 1502548
28 5 0 13 1444512
28 5 0 14 1348804
28 5 0 15 1224376
28 5 0 16 1081160
28 5 0 17 928000
28 5 0 18 772352
28 5 0 19 620800
28 5 0 20 477996
28 5 0 21 348780
28 5 0 22 238324
28 5 0 23 147240
28 5 0 24 76602
28 5 0 25 22456
28 5 1 2 336
28 5 1 3 1076
28 5 1 4 1484
28 5 1 5 1700
28 5 1 6 1720
28 5 1 7 1740
28 5 1 8 1760
28 5 1 9 1780
28 5 1 10 1800
28 5 1 11 1820
28 5 1 12 1836
28 5 1 13 1816
28 5 1 14 1760
28 5 1 15 1700
28 5 1 16 1640
28 5 1 17 1580
28 5 1 18 1520
28 5 1 19 1460
28 5 1 20 1400
28 5 1 21 1344
28 5 1 22 1288
28 5 1 23 1252
28 5 1 24 1060
28 5 1 25 1044
28 5 2 2 4
28 5 2 3 4
28 5 2 24 4
28 5 2 25 4
29 0 0 1 1
29 0 0 29 1
29 1 0 2 4
29 1 0 3 4
29 1 0 4 4
29 1 0 5 4
29 1 0 6 4
29 1 0 7 4
29 1 0 8 4
29 1 0 9 4
29 1 0 10 4
29 1 0 11 4
29 1 0 12 4
29 1 0 13 4
29 1 0 14 4
29 1 0 15 4
29 1 0 16 4
29 1 0 17 4
29 1 0 18 4
29 1 0 19 4
29 1 0 20 4
29 1 0 21 4
29 1 0 22 4
29 1 0 23 4
29 1 0 24 4
29 1 0 25 4
29 1 0 26 4
29 1 0 27 4
29 1 0 28 4
29 2 0 2 106
29 2 0 3 114
29 2 0 4 162
29 2 0 5 164
29 2 0 6 166
29 2 0 7 168
29 2 0 8 170
29 2 0 9 172
29 2 0 10 174
29 2 0 11 176
29 2 0 12 178
29 2 0 13 180
29 2 0 14 180
29 2 0 15 174
29 2 0 16 168
29 2 0 17 162
29 2 0 18 156
29 2 0 19 150
29 2 0 20 144
29 2 0 21 138
29 2 0 22 132
29 2 0 23 126
29 2 0 24 120
29 2 0 25 114
29 2 0 26 112
29 2 0 27 106
29 2 0 28 104
29 3 0 2 192
29 3 0 3 1040
29 3 0 4 2660
29 3 0 5 3372
29 3 0 6 3984
29 3 0 7 4504
29 3 0 8 4928
29 3 0 9 5260
29 3 0 10 5496
29 3 0 11 5640
29 3 0 12 5688
29 3 0 13 5644
29 3 0 14 5516
29 3 0 15 5348
29 3 0 16 5140
29 3 0 17 4896
29 3 0 18 4612
29 3 0 19 4292
29 3 0 20 3932
29 3 0 21 3536
29 3 0 22 3100
29 3 0 23 2624
29 3 0 24 2112
29 3 0 25 1564
29 3 0 26 1136
29 3 0 27 492
29 3 1 2 4
29 3 1 27 4
29 4 0 2 2296
29 4 0 3 10874
29 4 0 4 29202
29 4 0 5 49515
29 4 0 6 67378
29 4 0 7 83392
29 4 0 8 96466
29 4 0 9 106489
29 4 0 10 113354
29 4 0 11 117310
29 4 0 12 118440
29 4 0 13 116931
29 4 0 14 112836
29 4 0 15 106957
29 4 0 16 99438
29 4 0 17 90748
29 4 0 18 81076
29 4 0 19 70913
29 4 0 20 60426
29 4 0 21 50120
29 4 0 22 40152
29 4 0 23 30895
29 4 0 24 22790
29 4 0 25 16344
29 4 0 26 9578
29 4 0 27 4633
29 4 1 2 100
29 4 1 3 24
29 4 1 4 28
29 4 1 5 28
29 4 1 6 28
29 4 1 7 28
29 4 1 8 28
29 4 1 9 28
29 4 1 10 28
29 4 1 11 28
29 4 1 12 28
29 4 1 13 28
29 4 1 14 28
29 4 1 15 28
29 4 1 16 28
29 4 1 17 28
29 4 1 18 28
29 4 1 19 28
29 4 1 20 28
29 4 1 21 28
29 4 1 22 28
29 4 1 23 28
29 4 1 24 28
29 4 1 25 24
29 4 1 26 24
29 4 1 27 96
29 5 0 2 3696
29 5 0 3 57950
29 5 0 4 239142
29 5 0 5 520090
29 5 0 6 822762
29 5 0 7 1125494
29 5 0 8 1387082
29 5 0 9 1592270
29 5 0 10 1732854
29 5 0 11 1806998
29 5 0 12 1816810
29 5 0 13 1770034
29 5 0 14 1677424
29 5 0 15 1548220
29 5 0 16 1392872
29 5 0 17 1221320
29 5 0 18 1042412
29 5 0 19 863604
29 5 0 20 691488
29 5 0 21 530688
29 5 0 22 386092
29 5 0 23 263016
29 5 0 24 161988
29 5 0 25 84118
29 5 0 26 24580
29 5 1 2 352
29 5 1 3 1124
29 5 1 4 1548
29 5 1 5 1776
29 5 1 6 1796
29 5 1 7 1816
29 5 1 8 1836
29 5 1 9 1856
29 5 1 10 1876
29 5 1 11 1896
29 5 1 12 1916
29 5 1 13 1916
29 5 1 14 1876
29 5 1 15 1816
29 5 1 16 1756
29 5 1 17 1696
29 5 1 18 1636
29 5 1 19 1576
29 5 1 20 1516
29 5 1 21 1456
29 5 1 22 1400
29 5 1 23 1344
29 5 1 24 1308
29 5 1 25 1108
29 5 1 26 1092
29 5 2 2 4
29 5 2 3 4
29 5 2 25 4
29 5 2 26 4
30 0 0 1 1
30 0 0 30 1
30 1 0 2 4
30 1 0 3 4
30 1 0 4 4
30 1 0 5 4
30 1 0 6 4
30 1 0 7 4
30 1 0 8 4
30 1 0 9 4
30 1 0 10 4
30 1 0 11 4
30 1 0 12 4
30 1 0 13 4
30 1 0 14 4
30 1 0 15 4
30 1 0 16 4
30 1 0 17 4
30 1 0 18 4
30 1 0 19 4
30 1 0 20 4
30 1 0 21 4
30 1 0 22 4
30 1 0 23 4
30 1 0 24 4
30 1 0 25 4
30 1 0 26 4
30 1 0 27 4
30 1 0 28 4
30 1 0 29 4
30 2 0 2 110
30 2 0 3 118
30 2 0 4 168
30 2 0 5 170
30 2 0 6 172
30 2 0 7 174
30 2 0 8 176
30 2 0 9 178
30 2 0 10 180
30 2 0 11 182
30 2 0 12 184
30 2 0 13 186
30 2 0 14 188
30 2 0 15 184
30 2 0 16 178
30 2 0 17 172
30 2 0 18 166
30 2 0 19 160
30 2 0 20 154
30 2 0 21 148
30 2 0 22 142
30 2 0 23 136
30 2 0 24 130
30 2 0 25 124
30 2 0 26 118
30 2 0 27 116
30 2 0 28 110
30 2 0 29 108
30 3 0 2 200
30 3 0 3 1084
30 3 0 4 2832
30 3 0 5 3580
30 3 0 6 4232
30 3 0 7 4788
30 3 0 8 5252
30 3 0 9 5620
30 3 0 10 5896
30 3 0 11 6076
30 3 0 12 6164
30 3 0 13 6156
30 3 0 14 6056
30 3 0 15 5892
30 3 0 16 5696
30 3 0 17 5460
30 3 0 18 5188
30 3 0 19 4876
30 3 0 20 4528
30 3 0 21 4140
30 3 0 22 3716
30 3 0 23 3252
30 3 0 24 2748
30 3 0 25 2208
30 3 0 26 1632
30 3 0 27 1184
30 3 0 28 512
30 3 1 2 4
30 3 1 28 4
30 4 0 2 2492
30 4 0 3 11739
30 4 0 4 31824
30 4 0 5 54091
30 4 0 6 73853
30 4 0 7 91719
30 4 0 8 106614
30 4 0 9 118303
30 4 0 10 126749
30 4 0 11 131993
30 4 0 12 134312
30 4 0 13 133729
30 4 0 14 130407
30 4 0 15 124812
30 4 0 16 117490
30 4 0 17 108618
30 4 0 18 98675
30 4 0 19 87840
30 4 0 20 76614
30 4 0 21 65154
30 4 0 22 53975
30 4 0 23 43224
30 4 0 24 33274
30 4 0 25 24574
30 4 0 26 17637
30 4 0 27 10378
30 4 0 28 5026
30 4 1 2 104
30 4 1 3 24
30 4 1 4 28
30 4 1 5 28
30 4 1 6 28
30 4 1 7 28
30 4 1 8 28
30 4 1 9 28
30 4 1 10 28
30 4 1 11 28
30 4 1 12 28
30 4 1 13 28
30 4 1 14 28
30 4 1 15 28
30 4 1 16 28
30 4 1 17 28
30 4 1 18 28
30 4 1 19 28
30 4 1 20 28
30 4 1 21 28
30 4 1 22 28
30 4 1 23 28
30 4 1 24 28
30 4 1 25 28
30 4 1 26 24
30 4 1 27 24
30 4 1 28 100
30 5 0 2 4048
30 5 0 3 63526
30 5 0 4 267544
30 5 0 5 585720
30 5 0 6 931648
30 5 0 7 1283128
30 5 0 8 1593540
30 5 0 9 1844172
30 5 0 10 2025588
30 5 0 11 2133436
30 5 0 12 2169400
30 5 0 13 2139176
30 5 0 14 2053624
30 5 0 15 1923364
30 5 0 16 1758708
30 5 0 17 1570648
30 5 0 18 1369128
30 5 0 19 1163000
30 5 0 20 959720
30 5 0 21 765888
30 5 0 22 586100
30 5 0 23 425292
30 5 0 24 288924
30 5 0 25 177440
30 5 0 26 91986
30 5 0 27 26800
30 5 1 2 368
30 5 1 3 1172
30 5 1 4 1616
30 5 1 5 1852
30 5 1 6 1872
30 5 1 7 1892
30 5 1 8 1912
30 5 1 9 1932
30 5 1 10 1952
30 5 1 11 1972
30 5 1 12 1992
30 5 1 13 2008
30 5 1 14 1988
30 5 1 15 1932
30 5 1 16 1872
30 5 1 17 1812
30 5 1 18 1752
30 5 1 19 1692
30 5 1 20 1632
30 5 1 21 1572
30 5 1 22 1512
30 5 1 23 1456
30 5 1 24 1400
30 5 1 25 1364
30 5 1 26 1156
30 5 1 27 1140
30 5 2 2 4
30 5 2 3 4
30 5 2 26 4
30 5 2 27 4
31 0 0 1 1
31 0 0 31 1
31 1 0 2 4
31 1 0 3 4
31 1 0 4 4
31 1 0 5 4
31 1 0 6 4
31 1 0 7 4
31 1 0 8 4
31 1 0 9 4
31 1 0 10 4
31 1 0 11 4
31 1 0 12 4
31 1 0 13 4
31 1 0 14 4
31 1 0 15 4
31 1 0 16 4
31 1 0 17 4
31 1 0 18 4
31 1 0 19 4
31 1 0 20 4
31 1 0 21 4
31 1 0 22 4
31 1 0 23 4
31 1 0 24 4
31 1 0 25 4
31 1 0 26 4
31 1 0 27 4
31 1 0 28 4
31 1 0 29 4
31 1 0 30 4
31 2 0 2 114
31 2 0 3 122
31 2 0 4 174
31 2 0 5 176
31 2 0 6 178
31 2 0 7 180
31 2 0 8 182
31 2 0 9 184
31 2 0 10 186
31 2 0 11 188
31 2 0 12 190
31 2 0 13 192
31 2 0 14 194
31 2 0 15 194
31 2 0 16 188
31 2 0 17 182
31 2 0 18 176
31 2 0 19 170
31 2 0 20 164
31 2 0 21 158
31 2 0 22 152
31 2 0 23 146
31 2 0 24 140
31 2 0 25 134
31 2 0 26 128
31 2 0 27 122
31 2 0 28 120
31 2 0 29 114
31 2 0 30 112
31 3 0 2 208
31 3 0 3 1128
31 3 0 4 2996
31 3 0 5 3784
31 3 0 6 4472
31 3 0 7 5068
31 3 0 8 5568
31 3 0 9 5976
31 3 0 10 6288
31 3 0 11 6508
31 3 0 12 6632
31 3 0 13 6664
31 3 0 14 6600
31 3 0 15 6456
31 3 0 16 6268
31 3 0 17 6044
31 3 0 18 5780
31 3 0 19 5480
31 3 0 20 5140
31 3 0 21 4764
31 3 0 22 4348
31 3 0 23 3896
31 3 0 24 3404
31 3 0 25 2872
31 3 0 26 2304
31 3 0 27 1700
31 3 0 28 1232
31 3 0 29 532
31 3 1 2 4
31 3 1 29 4
31 4 0 2 2696
31 4 0 3 12636
31 4 0 4 34580
31 4 0 5 58868
31 4 0 6 80548
31 4 0 7 100405
31 4 0 8 117152
31 4 0 9 130674
31 4 0 10 140746
31 4 0 11 147501
31 4 0 12 151032
31 4 0 13 151614
31 4 0 14 149220
31 4 0 15 144146
31 4 0 16 137012
31 4 0 17 128231
31 4 0 18 117990
31 4 0 19 106778
31 4 0 20 94764
31 4 0 21 82459
31 4 0 22 70010
31 4 0 23 57942
31 4 0 24 46392
31 4 0 25 35733
31 4 0 26 26422
31 4 0 27 18978
31 4 0 28 11210
31 4 0 29 5435
31 4 1 2 108
31 4 1 3 24
31 4 1 4 28
31 4 1 5 28
31 4 1 6 28
31 4 1 7 28
31 4 1 8 28
31 4 1 9 28
31 4 1 10 28
31 4 1 11 28
31 4 1 12 28
31 4 1 13 28
31 4 1 14 28
31 4 1 15 28
31 4 1 16 28
31 4 1 17 28
31 4 1 18 28
31 4 1 19 28
31 4 1 20 28
31 4 1 21 28
31 4 1 22 28
31 4 1 23 28
31 4 1 24 28
31 4 1 25 28
31 4 1 26 28
31 4 1 27 24
31 4 1 28 24
31 4 1 29 104
31 5 0 2 4416
31 5 0 3 69358
31 5 0 4 298000
31 5 0 5 656400
31 5 0 6 1048608
31 5 0 7 1453296
31 5 0 8 1816760
31 5 0 9 2118588
31 5 0 10 2345936
31 5 0 11 2493792
31 5 0 12 2561504
31 5 0 13 2553956
31 5 0 14 2480056
31 5 0 15 2352900
31 5 0 16 2182328
31 5 0 17 1980268
31 5 0 18 1757704
31 5 0 19 1524584
31 5 0 20 1289764
31 5 0 21 1060700
31 5 0 22 844000
31 5 0 23 644232
31 5 0 24 466380
31 5 0 25 316048
31 5 0 26 193596
31 5 0 27 100206
31 5 0 28 29116
31 5 1 2 384
31 5 1 3 1220
31 5 1 4 1680
31 5 1 5 1928
31 5 1 6 1948
31 5 1 7 1968
31 5 1 8 1988
31 5 1 9 2008
31 5 1 10 2028
31 5 1 11 2048
31 5 1 12 2068
31 5 1 13 2088
31 5 1 14 2088
31 5 1 15 2048
31 5 1 16 1988
31 5 1 17 1928
31 5 1 18 1868
31 5 1 19 1808
31 5 1 20 1748
31 5 1 21 1688
31 5 1 22 1628
31 5 1 23 1568
31 5 1 24 1512
31 5 1 25 1456
31 5 1 26 1420
31 5 1 27 1204
31 5 1 28 1188
31 5 2 2 4
31 5 2 3 4
31 5 2 27 4
31 5 2 28 4
32 0 0 1 1
32 0 0 32 1
32 1 0 2 4
32 1 0 3 4
32 1 0 4 4
32 1 0 5 4
32 1 0 6 4
32 1 0 7 4
32 1 0 8 4
32 1 0 9 4
32 1 0 10 4
32 1 0 11 4
32 1 0 12 4
32 1 0 13 4
32 1 0 14 4
32 1 0 15 4
32 1 0 16 4
32 1 0 17 4
32 1 0 18 4
32 1 0 19 4
32 1 0 20 4
32 1 0 21 4
32 1 0 22 4
32 1 0 23 4
32 1 0 24 4
32 1 0 25 4
32 1 0 26 4
32 1 0 27 4
32 1 0 28 4
32 1 0 29 4
32 1 0 30 4
32 1 0 31 4
32 2 0 2 118
32 2 0 3 126
32 2 0 4 180
32 2 0 5 182
32 2 0 6 184
32 2 0 7 186
32 2 0 8 188
32 2 0 9 190
32 2 0 10 192
32 2 0 11 194
32 2 0 12 196
32 2 0 13 198
32 2 0 14 200
32 2 0 15 202
32 2 0 16 198
32 2 0 17 192
32 2 0 18 186
32 2 0 19 180
32 2 0 20 174
32 2 0 21 168
32 2 0 22 162
32 2 0 23 156
32 2 0 24 150
32 2 0 25 144
32 2 0 26 138
32 2 0 27 132
32 2 0 28 126
32 2 0 29 124
32 2 0 30 118
32 2 0 31 116
32 3 0 2 216
32 3 0 3 1172
32 3 0 4 3176
32 3 0 5 4000
32 3 0 6 4728
32 3 0 7 5360
32 3 0 8 5900
32 3 0 9 6344
32 3 0 10 6696
32 3 0 11 6952
32 3 0 12 7116
32 3 0 13 7184
32 3 0 14 7160
32 3 0 15 7040
32 3 0 16 6860
32 3 0 17 6644
32 3 0 18 6392
32 3 0 19 6100
32 3 0 20 5772
32 3 0 21 5404
32 3 0 22 5000
32 3 0 23 4556
32 3 0 24 4076
32 3 0 25 3556
32 3 0 26 2996
32 3 0 27 2400
32 3 0 28 1768
32 3 0 29 1280
32 3 0 30 552
32 3 1 2 4
32 3 1 30 4
32 4 0 2 2908
32 4 0 3 13565
32 4 0 4 37445
32 4 0 5 63861
32 4 0 6 87614
32 4 0 7 109505
32 4 0 8 128255
32 4 0 9 143629
32 4 0 10 155528
32 4 0 11 163833
32 4 0 12 168805
32 4 0 13 170527
32 4 0 14 169230
32 4 0 15 164847
32 4 0 16 158145
32 4 0 17 149436
32 4 0 18 139180
32 4 0 19 127554
32 4 0 20 115057
32 4 0 21 101848
32 4 0 22 88448
32 4 0 23 74994
32 4 0 24 62021
32 4 0 25 49656
32 4 0 26 38272
32 4 0 27 28334
32 4 0 28 20367
32 4 0 29 12074
32 4 0 30 5860
32 4 1 2 112
32 4 1 3 24
32 4 1 4 28
32 4 1 5 28
32 4 1 6 28
32 4 1 7 28
32 4 1 8 28
32 4 1 9 28
32 4 1 10 28
32 4 1 11 28
32 4 1 12 28
32 4 1 13 28
32 4 1 14 28
32 4 1 15 28
32 4 1 16 28
32 4 1 17 28
32 4 1 18 28
32 4 1 19 28
32 4 1 20 28
32 4 1 21 28
32 4 1 22 28
32 4 1 23 28
32 4 1 24 28
32 4 1 25 28
32 4 1 26 28
32 4 1 27 28
32 4 1 28 24
32 4 1 29 24
32 4 1 30 108
32 5 0 2 4800
32 5 0 3 75446
32 5 0 4 330464
32 5 0 5 731932
32 5 0 6 1174368
32 5 0 7 1636524
32 5 0 8 2058692
32 5 0 9 2416664
32 5 0 10 2696156
32 5 0 11 2889316
32 5 0 12 2994816
32 5 0 13 3015388
32 5 0 14 2959620
32 5 0 15 2839352
32 5 0 16 2667316
32 5 0 17 2454316
32 5 0 18 2212900
32 5 0 19 1954040
32 5 0 20 1687688
32 5 0 21 1422704
32 5 0 22 1166544
32 5 0 23 925824
32 5 0 24 705084
32 5 0 25 509356
32 5 0 26 344388
32 5 0 27 210456
32 5 0 28 108778
32 5 0 29 31528
32 5 1 2 400
32 5 1 3 1268
32 5 1 4 1748
32 5 1 5 2004
32 5 1 6 2024
32 5 1 7 2044
32 5 1 8 2064
32 5 1 9 2084
32 5 1 10 2104
32 5 1 11 2124
32 5 1 12 2144
32 5 1 13 2164
32 5 1 14 2180
32 5 1 15 2160
32 5 1 16 2104
32 5 1 17 2044
32 5 1 18 1984
32 5 1 19 1924
32 5 1 20 1864
32 5 1 21 1804
32 5 1 22 1744
32 5 1 23 1684
32 5 1 24 1624
32 5 1 25 1568
32 5 1 26 1512
32 5 1 27 1476
32 5 1 28 1252
32 5 1 29 1236
32 5 2 2 4
32 5 2 3 4
32 5 2 28 4
32 5 2 29 4
33 0 0 1 1
33 0 0 33 1
33 1 0 2 4
33 1 0 3 4
33 1 0 4 4
33 1 0 5 4
33 1 0 6 4
33 1 0 7 4
33 1 0 8 4
33 1 0 9 4
33 1 0 10 4
33 1 0 11 4
33 1 0 12 4
33 1 0 13 4
33 1 0 14 4
33 1 0 15 4
33 1 0 16 4
33 1 0 17 4
33 1 0 18 4
33 1 0 19 4
33 1 0 20 4
33 1 0 21 4
33 1 0 22 4
33 1 0 23 4
33 1 0 24 4
33 1 0 25 4
33 1 0 26 4
33 1 0 27 4
33 1 0 28 4
33 1 0 29 4
33 1 0 30 4
33 1 0 31 4
33 1 0 32 4
33 2 0 2 122
33 2 0 3 130
33 2 0 4 186
33 2 0 5 188
33 2 0 6 190
33 2 0 7 192
33 2 0 8 194
33 2 0 9 196
33 2 0 10 198
33 2 0 11 200
33 2 0 12 202
33 2 0 13 204
33 2 0 14 206
33 2 0 15 208
33 2 0 16 208
33 2 0 17 202
33 2 0 18 196
33 2 0 19 190
33 2 0 20 184
33 2 0 21 178
33 2 0 22 172
33 2 0 23 166
33 2 0 24 160
33 2 0 25 154
33 2 0 26 148
33 2 0 27 142
33 2 0 28 136
33 2 0 29 130
33 2 0 30 128
33 2 0 31 122
33 2 0 32 120
33 3 0 2 224
33 3 0 3 1216
33 3 0 4 3348
33 3 0 5 4212
33 3 0 6 4976
33 3 0 7 5648
33 3 0 8 6224
33 3 0 9 6708
33 3 0 10 7096
33 3 0 11 7392
33 3 0 12 7592
33 3 0 13 7700
33 3 0 14 7712
33 3 0 15 7632
33 3 0 16 7468
33 3 0 17 7264
33 3 0 18 7020
33 3 0 19 6740
33 3 0 20 6420
33 3 0 21 6064
33 3 0 22 5668
33 3 0 23 5236
33 3 0 24 4764
33 3 0 25 4256
33 3 0 26 3708
33 3 0 27 3120
33 3 0 28 2496
33 3 0 29 1836
33 3 0 30 1328
33 3 0 31 572
33 3 1 2 4
33 3 1 31 4
33 4 0 2 3128
33 4 0 3 14526
33 4 0 4 40444
33 4 0 5 69051
33 4 0 6 94892
33 4 0 7 118956
33 4 0 8 139740
33 4 0 9 157129
33 4 0 10 170876
33 4 0 11 180956
33 4 0 12 187398
33 4 0 13 190495
33 4 0 14 190308
33 4 0 15 187038
33 4 0 16 180746
33 4 0 17 172384
33 4 0 18 162084
33 4 0 19 150337
33 4 0 20 137310
33 4 0 21 123512
33 4 0 22 109092
33 4 0 23 94581
33 4 0 24 80106
33 4 0 25 66212
33 4 0 26 53016
33 4 0 27 40891
33 4 0 28 30310
33 4 0 29 21804
33 4 0 30 12970
33 4 0 31 6301
33 4 1 2 116
33 4 1 3 24
33 4 1 4 28
33 4 1 5 28
33 4 1 6 28
33 4 1 7 28
33 4 1 8 28
33 4 1 9 28
33 4 1 10 28
33 4 1 11 28
33 4 1 12 28
33 4 1 13 28
33 4 1 14 28
33 4 1 15 28
33 4 1 16 28
33 4 1 17 28
33 4 1 18 28
33 4 1 19 28
33 4 1 20 28
33 4 1 21 28
33 4 1 22 28
33 4 1 23 28
33 4 1 24 28
33 4 1 25 28
33 4 1 26 28
33 4 1 27 28
33 4 1 28 28
33 4 1 29 24
33 4 1 30 24
33 4 1 31 112
33 5 0 2 5200
33 5 0 3 81790
33 5 0 4 365106
33 5 0 5 812830
33 5 0 6 1308602
33 5 0 7 1832958
33 5 0 8 2318070
33 5 0 9 2738210
33 5 0 10 3075322
33 5 0 11 3320522
33 5 0 12 3469790
33 5 0 13 3525650
33 5 0 14 3493842
33 5 0 15 3386222
33 5 0 16 3216652
33 5 0 17 2996868
33 5 0 18 2739328
33 5 0 19 2456604
33 5 0 20 2159656
33 5 0 21 1858440
33 5 0 22 1561820
33 5 0 23 1277252
33 5 0 24 1011360
33 5 0 25 768656
33 5 0 26 554220
33 5 0 27 373944
33 5 0 28 228020
33 5 0 29 117702
33 5 0 30 34036
33 5 1 2 416
33 5 1 3 1316
33 5 1 4 1812
33 5 1 5 2080
33 5 1 6 2100
33 5 1 7 2120
33 5 1 8 2140
33 5 1 9 2160
33 5 1 10 2180
33 5 1 11 2200
33 5 1 12 2220
33 5 1 13 2240
33 5 1 14 2260
33 5 1 15 2260
33 5 1 16 2220
33 5 1 17 2160
33 5 1 18 2100
33 5 1 19 2040
33 5 1 20 1980
33 5 1 21 1920
33 5 1 22 1860
33 5 1 23 1800
33 5 1 24 1740
33 5 1 25 1680
33 5 1 26 1624
33 5 1 27 1568
33 5 1 28 1532
33 5 1 29 1300
33 5 1 30 1284
33 5 2 2 4
33 5 2 3 4
33 5 2 29 4
33 5 2 30 4
34 0 0 1 1
34 0 0 34 1
34 1 0 2 4
34 1 0 3 4
34 1 0 4 4
34 1 0 5 4
34 1 0 6 4
34 1 0 7 4
34 1 0 8 4
34 1 0 9 4
34 1 0 10 4
34 1 0 11 4
34 1 0 12 4
34 1 0 13 4
34 1 0 14 4
34 1 0 15 4
34 1 0 16 4
34 1 0 17 4
34 1 0 18 4
34 1 0 19 4
34 1 0 20 4
34 1 0 21 4
34 1 0 22 4
34 1 0 23 4
34 1 0 24 4
34 1 0 25 4
34 1 0 26 4
34 1 0 27 4
34 1 0 28 4
34 1 0 29 4
34 1 0 30 4
34 1 0 31 4
34 1 0 32 4
34 1 0 33 4
34 2 0 2 126
34 2 0 3 134
34 2 0 4 192
34 2 0 5 194
34 2 0 6 196
34 2 0 7 198
34 2 0 8 200
34 2 0 9 202
34 2 0 10 204
34 2 0 11 206
34 2 0 12 208
34 2 0 13 210
34 2 0 14 212
34 2 0 15 214
34 2 0 16 216
34 2 0 17 212
34 2 0 18 206
34 2 0 19 200
34 2 0 20 194
34 2 0 21 188
34 2 0 22 182
34 2 0 23 176
34 2 0 24 170
34 2 0 25 164
34 2 0 26 158
34 2 0 27 152
34 2 0 28 146
34 2 0 29 140
34 2 0 30 134
34 2 0 31 132
34 2 0 32 126
34 2 0 33 124
34 3 0 2 232
34 3 0 3 1260
34 3 0 4 3536
34 3 0 5 4436
34 3 0 6 5240
34 3 0 7 5948
34 3 0 8 6564
34 3 0 9 7084
34 3 0 10 7512
34 3 0 11 7844
34 3 0 12 8084
34 3 0 13 8228
34 3 0 14 8280
34 3 0 15 8236
34 3 0 16 8100
34 3 0 17 7900
34 3 0 18 7668
34 3 0 19 7396
34 3 0 20 7088
34 3 0 21 6740
34 3 0 22 6356
34 3 0 23 5932
34 3 0 24 5472
34 3 0 25 4972
34 3 0 26 4436
34 3 0 27 3860
34 3 0 28 3244
34 3 0 29 2592
34 3 0 30 1904
34 3 0 31 1376
34 3 0 32 592
34 3 1 2 4
34 3 1 32 4
34 4 0 2 3356
34 4 0 3 15519
34 4 0 4 43556
34 4 0 5 74465
34 4 0 6 102553
34 4 0 7 128833
34 4 0 8 151802
34 4 0 9 171225
34 4 0 10 186999
34 4 0 11 198887
34 4 0 12 207034
34 4 0 13 211521
34 4 0 14 212647
34 4 0 15 210405
34 4 0 16 204980
34 4 0 17 196922
34 4 0 18 186863
34 4 0 19 174956
34 4 0 20 161702
34 4 0 21 147258
34 4 0 22 132143
34 4 0 23 116496
34 4 0 24 100858
34 4 0 25 85346
34 4 0 26 70515
34 4 0 27 56472
34 4 0 28 43590
34 4 0 29 32350
34 4 0 30 23289
34 4 0 31 13898
34 4 0 32 6758
34 4 1 2 120
34 4 1 3 24
34 4 1 4 28
34 4 1 5 28
34 4 1 6 28
34 4 1 7 28
34 4 1 8 28
34 4 1 9 28
34 4 1 10 28
34 4 1 11 28
34 4 1 12 28
34 4 1 13 28
34 4 1 14 28
34 4 1 15 28
34 4 1 16 28
34 4 1 17 28
34 4 1 18 28
34 4 1 19 28
34 4 1 20 28
34 4 1 21 28
34 4 1 22 28
34 4 1 23 28
34 4 1 24 28
34 4 1 25 28
34 4 1 26 28
34 4 1 27 28
34 4 1 28 28
34 4 1 29 28
34 4 1 30 24
34 4 1 31 24
34 4 1 32 116
34 5 0 2 5616
34 5 0 3 88390
34 5 0 4 401864
34 5 0 5 898840
34 5 0 6 1452156
34 5 0 7 2043156
34 5 0 8 2597212
34 5 0 9 3084716
34 5 0 10 3486160
34 5 0 11 3789008
34 5 0 12 3989028
34 5 0 13 4085620
34 5 0 14 4084792
34 5 0 15 3995896
34 5 0 16 3833712
34 5 0 17 3611364
34 5 0 18 3341556
34 5 0 19 3037364
34 5 0 20 2711380
34 5 0 21 2374552
34 5 0 22 2036840
34 5 0 23 1707112
34 5 0 24 1392824
34 5 0 25 1100608
34 5 0 26 834948
34 5 0 27 600972
34 5 0 28 404716
34 5 0 29 246288
34 5 0 30 126978
34 5 0 31 36640
34 5 1 2 432
34 5 1 3 1364
34 5 1 4 1880
34 5 1 5 2156
34 5 1 6 2176
34 5 1 7 2196
34 5 1 8 2216
34 5 1 9 2236
34 5 1 10 2256
34 5 1 11 2276
34 5 1 12 2296
34 5 1 13 2316
34 5 1 14 2336
34 5 1 15 2352
34 5 1 16 2332
34 5 1 17 2276
34 5 1 18 2216
34 5 1 19 2156
34 5 1 20 2096
34 5 1 21 2036
34 5 1 22 1976
34 5 1 23 1916
34 5 1 24 1856
34 5 1 25 1796
34 5 1 26 1736
34 5 1 27 1680
34 5 1 28 1624
34 5 1 29 1588
34 5 1 30 1348
34 5 1 31 1332
34 5 2 2 4
34 5 2 3 4
34 5 2 30 4
34 5 2 31 4
35 0 0 1 1
35 0 0 35 1
35 1 0 2 4
35 1 0 3 4
35 1 0 4 4
35 1 0 5 4
35 1 0 6 4
35 1 0 7 4
35 1 0 8 4
35 1 0 9 4
35 1 0 10 4
35 1 0 11 4
35 1 0 12 4
35 1 0 13 4
35 1 0 14 4
35 1 0 15 4
35 1 0 16 4
35 1 0 17 4
35 1 0 18 4
35 1 0 19 4
35 1 0 20 4
35 1 0 21 4
35 1 0 22 4
35 1 0 23 4
35 1 0 24 4
35 1 0 25 4
35 1 0 26 4
35 1 0 27 4
35 1 0 28 4
35 1 0 29 4
35 1 0 30 4
35 1 0 31 4
35 1 0 32 4
35 1 0 33 4
35 1 0 34 4
35 2 0 2 130
35 2 0 3 138
35 2 0 4 198
35 2 0 5 200
35 2 0 6 202
35 2 0 7 204
35 2 0 8 206
35 2 0 9 208
35 2 0 10 210
35 2 0 11 212
35 2 0 12 214
35 2 0 13 216
35 2 0 14 218
35 2 0 15 220
35 2 0 16 222
35 2 0 17 222
35 2 0 18 216
35 2 0 19 210
35 2 0 20 204
35 2 0 21 198
35 2 0 22 192
35 2 0 23 186
35 2 0 24 180
35 2 0 25 174
35 2 0 26 168
35 2 0 27 162
35 2 0 28 156
35 2 0 29 150
35 2 0 30 144
35 2 0 31 138
35 2 0 32 136
35 2 0 33 130
35 2 0 34 128
35 3 0 2 240
35 3 0 3 1304
35 3 0 4 3716
35 3 0 5 4656
35 3 0 6 5496
35 3 0 7 6244
35 3 0 8 6896
35 3 0 9 7456
35 3 0 10 7920
35 3 0 11 8292
35 3 0 12 8568
35 3 0 13 8752
35 3 0 14 8840
35 3 0 15 8836
35 3 0 16 8736
35 3 0 17 8556
35 3 0 18 8332
35 3 0 19 8072
35 3 0 20 7772
35 3 0 21 7436
35 3 0 22 7060
35 3 0 23 6648
35 3 0 24 6196
35 3 0 25 5708
35 3 0 26 5180
35 3 0 27 4616
35 3 0 28 4012
35 3 0 29 3368
35 3 0 30 2688
35 3 0 31 1972
35 3 0 32 1424
35 3 0 33 612
35 3 1 2 4
35 3 1 33 4
35 4 0 2 3592
35 4 0 3 16544
35 4 0 4 46802
35 4 0 5 80072
35 4 0 6 110418
35 4 0 7 139053
35 4 0 8 164238
35 4 0 9 185858
35 4 0 10 203666
35 4 0 11 217575
35 4 0 12 227454
35 4 0 13 233576
35 4 0 14 236016
35 4 0 15 235071
35 4 0 16 230684
35 4 0 17 223203
35 4 0 18 213354
35 4 0 19 201582
35 4 0 20 188052
35 4 0 21 173275
35 4 0 22 157398
35 4 0 23 140950
35 4 0 24 124060
35 4 0 25 107279
35 4 0 26 90714
35 4 0 27 74930
35 4 0 28 60024
35 4 0 29 46369
35 4 0 30 34454
35 4 0 31 24822
35 4 0 32 14858
35 4 0 33 7231
35 4 1 2 124
35 4 1 3 24
35 4 1 4 28
35 4 1 5 28
35 4 1 6 28
35 4 1 7 28
35 4 1 8 28
35 4 1 9 28
35 4 1 10 28
35 4 1 11 28
35 4 1 12 28
35 4 1 13 28
35 4 1 14 28
35 4 1 15 28
35 4 1 16 28
35 4 1 17 28
35 4 1 18 28
35 4 1 19 28
35 4 1 20 28
35 4 1 21 28
35 4 1 22 28
35 4 1 23 28
35 4 1 24 28
35 4 1 25 28
35 4 1 26 28
35 4 1 27 28
35 4 1 28 28
35 4 1 29 28
35 4 1 30 28
35 4 1 31 24
35 4 1 32 24
35 4 1 33 120
35 5 0 2 6048
35 5 0 3 95246
35 5 0 4 440924
35 5 0 5 990532
35 5 0 6 1604584
35 5 0 7 2267184
35 5 0 8 2894544
35 5 0 9 3455656
35 5 0 10 3926952
35 5 0 11 4294912
35 5 0 12 4551768
35 5 0 13 4696996
35 5 0 14 4733744
35 5 0 15 4671080
35 5 0 16 4521472
35 5 0 17 4301684
35 5 0 18 4023484
35 5 0 19 3701380
35 5 0 20 3348424
35 5 0 21 2977228
35 5 0 22 2598728
35 5 0 23 2222888
35 5 0 24 1858580
35 5 0 25 1513260
35 5 0 26 1193568
35 5 0 27 903960
35 5 0 28 649612
35 5 0 29 436704
35 5 0 30 265260
35 5 0 31 136606
35 5 0 32 39340
35 5 1 2 448
35 5 1 3 1412
35 5 1 4 1944
35 5 1 5 2232
35 5 1 6 2252
35 5 1 7 2272
35 5 1 8 2292
35 5 1 9 2312
35 5 1 10 2332
35 5 1 11 2352
35 5 1 12 2372
35 5 1 13 2392
35 5 1 14 2412
35 5 1 15 2432
35 5 1 16 2432
35 5 1 17 2392
35 5 1 18 2332
35 5 1 19 2272
35 5 1 20 2212
35 5 1 21 2152
35 5 1 22 2092
35 5 1 23 2032
35 5 1 24 1972
35 5 1 25 1912
35 5 1 26 1852
35 5 1 27 1792
35 5 1 28 1736
35 5 1 29 1680
35 5 1 30 1644
35 5 1 31 1396
35 5 1 32 1380
35 5 2 2 4
35 5 2 3 4
35 5 2 31 4
35 5 2 32 4
36 0 0 1 1
36 0 0 36 1
36 1 0 2 4
36 1 0 3 4
36 1 0 4 4
36 1 0 5 4
36 1 0 6 4
36 1 0 7 4
36 1 0 8 4
36 1 0 9 4
36 1 0 10 4
36 1 0 11 4
36 1 0 12 4
36 1 0 13 4
36 1 0 14 4
36 1 0 15 4
36 1 0 16 4
36 1 0 17 4
36 1 0 18 4
36 1 0 19 4
36 1 0 20 4
36 1 0 21 4
36 1 0 22 4
36 1 0 23 4
36 1 0 24 4
36 1 0 25 4
36 1 0 26 4
36 1 0 27 4
36 1 0 28 4
36 1 0 29 4
36 1 0 30 4
36 1 0 31 4
36 1 0 32 4
36 1 0 33 4
36 1 0 34 4
36 1 0 35 4
36 2 0 2 134
36 2 0 3 142
36 2 0 4 204
36 2 0 5 206
36 2 0 6 208
36 2 0 7 210
36 2 0 8 212
36 2 0 9 214
36 2 0 10 216
36 2 0 11 218
36 2 0 12 220
36 2 0 13 222
36 2 0 14 224
36 2 0 15 226
36 2 0 16 228
36 2 0 17 230
36 2 0 18 226
36 2 0 19 220
36 2 0 20 214
36 2 0 21 208
36 2 0 22 202
36 2 0 23 196
36 2 0 24 190
36 2 0 25 184
36 2 0 26 178
36 2 0 27 172
36 2 0 28 166
36 2 0 29 160
36 2 0 30 154
36 2 0 31 148
36 2 0 32 142
36 2 0 33 140
36 2 0 34 134
36 2 0 35 132
36 3 0 2 248
36 3 0 3 1348
36 3 0 4 3912
36 3 0 5 4888
36 3 0 6 5768
36 3 0 7 6552
36 3 0 8 7244
36 3 0 9 7840
36 3 0 10 8344
36 3 0 11 8752
36 3 0 12 9068
36 3 0 13 9288
36 3 0 14 9416
36 3 0 15 9448
36 3 0 16 9388
36 3 0 17 9232
36 3 0 18 9016
36 3 0 19 8764
36 3 0 20 8476
36 3 0 21 8148
36 3 0 22 7784
36 3 0 23 7380
36 3 0 24 6940
36 3 0 25 6460
36 3 0 26 5944
36 3 0 27 5388
36 3 0 28 4796
36 3 0 29 4164
36 3 0 30 3492
36 3 0 31 2784
36 3 0 32 2040
36 3 0 33 1472
36 3 0 34 632
36 3 1 2 4
36 3 1 34 4
36 4 0 2 3836
36 4 0 3 17601
36 4 0 4 50165
36 4 0 5 85911
36 4 0 6 118678
36 4 0 7 149711
36 4 0 8 177263
36 4 0 9 201099
36 4 0 10 221116
36 4 0 11 237055
36 4 0 12 248903
36 4 0 13 256677
36 4 0 14 260682
36 4 0 15 260979
36 4 0 16 257813
36 4 0 17 251095
36 4 0 18 241720
36 4 0 19 230042
36 4 0 20 216541
36 4 0 21 201372
36 4 0 22 185056
36 4 0 23 167730
36 4 0 24 149933
36 4 0 25 131784
36 4 0 26 113844
36 4 0 27 96210
36 4 0 28 79457
36 4 0 29 63672
36 4 0 30 49228
36 4 0 31 36622
36 4 0 32 26403
36 4 0 33 15850
36 4 0 34 7720
36 4 1 2 128
36 4 1 3 24
36 4 1 4 28
36 4 1 5 28
36 4 1 6 28
36 4 1 7 28
36 4 1 8 28
36 4 1 9 28
36 4 1 10 28
36 4 1 11 28
36 4 1 12 28
36 4 1 13 28
36 4 1 14 28
36 4 1 15 28
36 4 1 16 28
36 4 1 17 28
36 4 1 18 28
36 4 1 19 28
36 4 1 20 28
36 4 1 21 28
36 4 1 22 28
36 4 1 23 28
36 4 1 24 28
36 4 1 25 28
36 4 1 26 28
36 4 1 27 28
36 4 1 28 28
36 4 1 29 28
36 4 1 30 28
36 4 1 31 28
36 4 1 32 24
36 4 1 33 24
36 4 1 34 124
36 5 0 2 6496
36 5 0 3 102358
36 5 0 4 482208
36 5 0 5 1087596
36 5 0 6 1766852
36 5 0 7 2505704
36 5 0 8 3212716
36 5 0 9 3852748
36 5 0 10 4401184
36 5 0 11 4840104
36 5 0 12 5161392
36 5 0 13 5361356
36 5 0 14 5443016
36 5 0 15 5412828
36 5 0 16 5283620
36 5 0 17 5070568
36 5 0 18 4789500
36 5 0 19 4453012
36 5 0 20 4076340
36 5 0 21 3672508
36 5 0 22 3254148
36 5 0 23 2832184
36 5 0 24 2416584
36 5 0 25 2016224
36 5 0 26 1638560
36 5 0 27 1290240
36 5 0 28 975692
36 5 0 29 700140
36 5 0 30 469908
36 5 0 31 284936
36 5 0 32 146586
36 5 0 33 42136
36 5 1 2 464
36 5 1 3 1460
36 5 1 4 2012
36 5 1 5 2308
36 5 1 6 2328
36 5 1 7 2348
36 5 1 8 2368
36 5 1 9 2388
36 5 1 10 2408
36 5 1 11 2428
36 5 1 12 2448
36 5 1 13 2468
36 5 1 14 2488
36 5 1 15 2508
36 5 1 16 2524
36 5 1 17 2504
36 5 1 18 2448
36 5 1 19 2388
36 5 1 20 2328
36 5 1 21 2268
36 5 1 22 2208
36 5 1 23 2148
36 5 1 24 2088
36 5 1 25 2028
36 5 1 26 1968
36 5 1 27 1908
36 5 1 28 1848
36 5 1 29 1792
36 5 1 30 1736
36 5 1 31 1700
36 5 1 32 1444
36 5 1 33 1428
36 5 2 2 4
36 5 2 3 4
36 5 2 32 4
36 5 2 33 4
37 0 0 1 1
37 0 0 37 1
37 1 0 2 4
37 1 0 3 4
37 1 0 4 4
37 1 0 5 4
37 1 0 6 4
37 1 0 7 4
37 1 0 8 4
37 1 0 9 4
37 1 0 10 4
37 1 0 11 4
37 1 0 12 4
37 1 0 13 4
37 1 0 14 4
37 1 0 15 4
37 1 0 16 4
37 1 0 17 4
37 1 0 18 4
37 1 0 19 4
37 1 0 20 4
37 1 0 21 4
37 1 0 22 4
37 1 0 23 4
37 1 0 24 4
37 1 0 25 4
37 1 0 26 4
37 1 0 27 4
37 1 0 28 4
37 1 0 29 4
37 1 0 30 4
37 1 0 31 4
37 1 0 32 4
37 1 0 33 4
37 1 0 34 4
37 1 0 35 4
37 1 0 36 4
37 2 0 2 138
37 2 0 3 146
37 2 0 4 210
37 2 0 5 212
37 2 0 6 214
37 2 0 7 216
37 2 0 8 218
37 2 0 9 220
37 2 0 10 222
37 2 0 11 224
37 2 0 12 226
37 2 0 13 228
37 2 0 14 230
37 2 0 15 232
37 2 0 16 234
37 2 0 17 236
37 2 0 18 236
37 2 0 19 230
37 2 0 20 224
37 2 0 21 218
37 2 0 22 212
37 2 0 23 206
37 2 0 24 200
37 2 0 25 194
37 2 0 26 188
37 2 0 27 182
37 2 0 28 176
37 2 0 29 170
37 2 0 30 164
37 2 0 31 158
37 2 0 32 152
37 2 0 33 146
37 2 0 34 144
37 2 0 35 138
37 2 0 36 136
37 3 0 2 256
37 3 0 3 1392
37 3 0 4 4100
37 3 0 5 5116
37 3 0 6 6032
37 3 0 7 6856
37 3 0 8 7584
37 3 0 9 8220
37 3 0 10 8760
37 3 0 11 9208
37 3 0 12 9560
37 3 0 13 9820
37 3 0 14 9984
37 3 0 15 10056
37 3 0 16 10032
37 3 0 17 9916
37 3 0 18 9716
37 3 0 19 9476
37 3 0 20 9196
37 3 0 21 8880
37 3 0 22 8524
37 3 0 23 8132
37 3 0 24 7700
37 3 0 25 7232
37 3 0 26 6724
37 3 0 27 6180
37 3 0 28 5596
37 3 0 29 4976
37 3 0 30 4316
37 3 0 31 3616
37 3 0 32 2880
37 3 0 33 2108
37 3 0 34 1520
37 3 0 35 652
37 3 1 2 4
37 3 1 35 4
37 4 0 2 4088
37 4 0 3 18690
37 4 0 4 53662
37 4 0 5 91939
37 4 0 6 127134
37 4 0 7 160704
37 4 0 8 190654
37 4 0 9 216869
37 4 0 10 239102
37 4 0 11 257262
37 4 0 12 271100
37 4 0 13 280773
37 4 0 14 286350
37 4 0 15 288146
37 4 0 16 286200
37 4 0 17 280727
37 4 0 18 271796
37 4 0 19 260509
37 4 0 20 246986
37 4 0 21 231740
37 4 0 22 214916
37 4 0 23 197045
37 4 0 24 178254
37 4 0 25 159092
37 4 0 26 139668
37 4 0 27 120553
37 4 0 28 101834
37 4 0 29 84096
37 4 0 30 67416
37 4 0 31 52167
37 4 0 32 38854
37 4 0 33 28032
37 4 0 34 16874
37 4 0 35 8225
37 4 1 2 132
37 4 1 3 24
37 4 1 4 28
37 4 1 5 28
37 4 1 6 28
37 4 1 7 28
37 4 1 8 28
37 4 1 9 28
37 4 1 10 28
37 4 1 11 28
37 4 1 12 28
37 4 1 13 28
37 4 1 14 28
37 4 1 15 28
37 4 1 16 28
37 4 1 17 28
37 4 1 18 28
37 4 1 19 28
37 4 1 20 28
37 4 1 21 28
37 4 1 22 28
37 4 1 23 28
37 4 1 24 28
37 4 1 25 28
37 4 1 26 28
37 4 1 27 28
37 4 1 28 28
37 4 1 29 28
37 4 1 30 28
37 4 1 31 28
37 4 1 32 28
37 4 1 33 24
37 4 1 34 24
37 4 1 35 128
37 5 0 2 6960
37 5 0 3 109726
37 5 0 4 525918
37 5 0 5 1190658
37 5 0 6 1938394
37 5 0 7 2758702
37 5 0 8 3549738
37 5 0 9 4275310
37 5 0 10 4906350
37 5 0 11 5424094
37 5 0 12 5816342
37 5 0 13 6079378
37 5 0 14 6212934
37 5 0 15 6223974
37 5 0 16 6121794
37 5 0 17 5922426
37 5 0 18 5642784
37 5 0 19 5297156
37 5 0 20 4899948
37 5 0 21 4466436
37 5 0 22 4009616
37 5 0 23 3542140
37 5 0 24 3074920
37 5 0 25 2617928
37 5 0 26 2180044
37 5 0 27 1768724
37 5 0 28 1390624
37 5 0 29 1050144
37 5 0 30 752556
37 5 0 31 504328
37 5 0 32 305316
37 5 0 33 156918
37 5 0 34 45028
37 5 1 2 480
37 5 1 3 1508
37 5 1 4 2076
37 5 1 5 2384
37 5 1 6 2404
37 5 1 7 2424
37 5 1 8 2444
37 5 1 9 2464
37 5 1 10 2484
37 5 1 11 2504
37 5 1 12 2524
37 5 1 13 2544
37 5 1 14 2564
37 5 1 15 2584
37 5 1 16 2604
37 5 1 17 2604
37 5 1 18 2564
37 5 1 19 2504
37 5 1 20 2444
37 5 1 21 2384
37 5 1 22 2324
37 5 1 23 2264
37 5 1 24 2204
37 5 1 25 2144
37 5 1 26 2084
37 5 1 27 2024
37 5 1 28 1964
37 5 1 29 1904
37 5 1 30 1848
37 5 1 31 1792
37 5 1 32 1756
37 5 1 33 1492
37 5 1 34 1476
37 5 2 2 4
37 5 2 3 4
37 5 2 33 4
37 5 2 34 4
38 0 0 1 1
38 0 0 38 1
38 1 0 2 4
38 1 0 3 4
38 1 0 4 4
38 1 0 5 4
38 1 0 6 4
38 1 0 7 4
38 1 0 8 4
38 1 0 9 4
38 1 0 10 4
38 1 0 11 4
38 1 0 12 4
38 1 0 13 4
38 1 0 14 4
38 1 0 15 4
38 1 0 16 4
38 1 0 17 4
38 1 0 18 4
38 1 0 19 4
38 1 0 20 4
38 1 0 21 4
38 1 0 22 4
38 1 0 23 4
38 1 0 24 4
38 1 0 25 4
38 1 0 26 4
38 1 0 27 4
38 1 0 28 4
38 1 0 29 4
38 1 0 30 4
38 1 0 31 4
38 1 0 32 4
38 1 0 33 4
38 1 0 34 4
38 1 0 35 4
38 1 0 36 4
38 1 0 37 4
38 2 0 2 142
38 2 0 3 150
38 2 0 4 216
38 2 0 5 218
38 2 0 6 220
38 2 0 7 222
38 2 0 8 224
38 2 0 9 226
38 2 0 10 228
38 2 0 11 230
38 2 0 12 232
38 2 0 13 234
38 2 0 14 236
38 2 0 15 238
38 2 0 16 240
38 2 0 17 242
38 2 0 18 244
38 2 0 19 240
38 2 0 20 234
38 2 0 21 228
38 2 0 22 222
38 2 0 23 216
38 2 0 24 210
38 2 0 25 204
38 2 0 26 198
38 2 0 27 192
38 2 0 28 186
38 2 0 29 180
38 2 0 30 174
38 2 0 31 168
38 2 0 32 162
38 2 0 33 156
38 2 0 34 150
38 2 0 35 148
38 2 0 36 142
38 2 0 37 140
38 3 0 2 264
38 3 0 3 1436
38 3 0 4 4304
38 3 0 5 5356
38 3 0 6 6312
38 3 0 7 7172
38 3 0 8 7940
38 3 0 9 8612
38 3 0 10 9192
38 3 0 11 9676
38 3 0 12 10068
38 3 0 13 10364
38 3 0 14 10568
38 3 0 15 10676
38 3 0 16 10692
38 3 0 17 10612
38 3 0 18 10440
38 3 0 19 10204
38 3 0 20 9936
38 3 0 21 9628
38 3 0 22 9284
38 3 0 23 8900
38 3 0 24 8480
38 3 0 25 8020
38 3 0 26 7524
38 3 0 27 6988
38 3 0 28 6416
38 3 0 29 5804
38 3 0 30 5156
38 3 0 31 4468
38 3 0 32 3740
38 3 0 33 2976
38 3 0 34 2176
38 3 0 35 1568
38 3 0 36 672
38 3 1 2 4
38 3 1 36 4
38 4 0 2 4348
38 4 0 3 19811
38 4 0 4 57280
38 4 0 5 98207
38 4 0 6 135997
38 4 0 7 172147
38 4 0 8 204646
38 4 0 9 233259
38 4 0 10 257883
38 4 0 11 278259
38 4 0 12 294312
38 4 0 13 305899
38 4 0 14 313305
38 4 0 15 316593
38 4 0 16 316084
38 4 0 17 311741
38 4 0 18 303771
38 4 0 19 292808
38 4 0 20 279570
38 4 0 21 264186
38 4 0 22 247179
38 4 0 23 228684
38 4 0 24 209242
38 4 0 25 188970
38 4 0 26 168427
38 4 0 27 147712
38 4 0 28 127406
38 4 0 29 107586
38 4 0 30 88847
38 4 0 31 71256
38 4 0 32 55186
38 4 0 33 41150
38 4 0 34 29709
38 4 0 35 17930
38 4 0 36 8746
38 4 1 2 136
38 4 1 3 24
38 4 1 4 28
38 4 1 5 28
38 4 1 6 28
38 4 1 7 28
38 4 1 8 28
38 4 1 9 28
38 4 1 10 28
38 4 1 11 28
38 4 1 12 28
38 4 1 13 28
38 4 1 14 28
38 4 1 15 28
38 4 1 16 28
38 4 1 17 28
38 4 1 18 28
38 4 1 19 28
38 4 1 20 28
38 4 1 21 28
38 4 1 22 28
38 4 1 23 28
38 4 1 24 28
38 4 1 25 28
38 4 1 26 28
38 4 1 27 28
38 4 1 28 28
38 4 1 29 28
38 4 1 30 28
38 4 1 31 28
38 4 1 32 28
38 4 1 33 28
38 4 1 34 24
38 4 1 35 24
38 4 1 36 132
38 5 0 2 7440
38 5 0 3 117350
38 5 0 4 571960
38 5 0 5 1299352
38 5 0 6 2120296
38 5 0 7 3026872
38 5 0 8 3908736
38 5 0 9 4725252
38 5 0 10 5446540
38 5 0 11 6049344
38 5 0 12 6520700
38 5 0 13 6853160
38 5 0 14 7047040
38 5 0 15 7105420
38 5 0 16 7038704
38 5 0 17 6859824
38 5 0 18 6587544
38 5 0 19 6237436
38 5 0 20 5824652
38 5 0 21 5364292
38 5 0 22 4871668
38 5 0 23 4359748
38 5 0 24 3841204
38 5 0 25 3326936
38 5 0 26 2826920
38 5 0 27 2350040
38 5 0 28 1903752
38 5 0 29 1494720
38 5 0 30 1127316
38 5 0 31 806860
38 5 0 32 539964
38 5 0 33 326400
38 5 0 34 167602
38 5 0 35 48016
38 5 1 2 496
38 5 1 3 1556
38 5 1 4 2144
38 5 1 5 2460
38 5 1 6 2480
38 5 1 7 2500
38 5 1 8 2520
38 5 1 9 2540
38 5 1 10 2560
38 5 1 11 2580
38 5 1 12 2600
38 5 1 13 2620
38 5 1 14 2640
38 5 1 15 2660
38 5 1 16 2680
38 5 1 17 2696
38 5 1 18 2676
38 5 1 19 2620
38 5 1 20 2560
38 5 1 21 2500
38 5 1 22 2440
38 5 1 23 2380
38 5 1 24 2320
38 5 1 25 2260
38 5 1 26 2200
38 5 1 27 2140
38 5 1 28 2080
38 5 1 29 2020
38 5 1 30 1960
38 5 1 31 1904
38 5 1 32 1848
38 5 1 33 1812
38 5 1 34 1540
38 5 1 35 1524
38 5 2 2 4
38 5 2 3 4
38 5 2 34 4
38 5 2 35 4
39 0 0 1 1
39 0 0 39 1
39 1 0 2 4
39 1 0 3 4
39 1 0 4 4
39 1 0 5 4
39 1 0 6 4
39 1 0 7 4
39 1 0 8 4
39 1 0 9 4
39 1 0 10 4
39 1 0 11 4
39 1 0 12 4
39 1 0 13 4
39 1 0 14 4
39 1 0 15 4
39 1 0 16 4
39 1 0 17 4
39 1 0 18 4
39 1 0 19 4
39 1 0 20 4
39 1 0 21 4
39 1 0 22 4
39 1 0 23 4
39 1 0 24 4
39 1 0 25 4
39 1 0 26 4
39 1 0 27 4
39 1 0 28 4
39 1 0 29 4
39 1 0 30 4
39 1 0 31 4
39 1 0 32 4
39 1 0 33 4
39 1 0 34 4
39 1 0 35 4
39 1 0 36 4
39 1 0 37 4
39 1 0 38 4
39 2 0 2 146
39 2 0 3 154
39 2 0 4 222
39 2 0 5 224
39 2 0 6 226
39 2 0 7 228
39 2 0 8 230
39 2 0 9 232
39 2 0 10 234
39 2 0 11 236
39 2 0 12 238
39 2 0 13 240
39 2 0 14 242
39 2 0 15 244
39 2 0 16 246
39 2 0 17 248
39 2 0 18 250
39 2 0 19 250
39 2 0 20 244
39 2 0 21 238
39 2 0 22 232
39 2 0 23 226
39 2 0 24 220
39 2 0 25 214
39 2 0 26 208
39 2 0 27 202
39 2 0 28 196
39 2 0 29 190
39 2 0 30 184
39 2 0 31 178
39 2 0 32 172
39 2 0 33 166
39 2 0 34 160
39 2 0 35 154
39 2 0 36 152
39 2 0 37 146
39 2 0 38 144
39 3 0 2 272
39 3 0 3 1480
39 3 0 4 4500
39 3 0 5 5592
39 3 0 6 6584
39 3 0 7 7484
39 3 0 8 8288
39 3 0 9 9000
39 3 0 10 9616
39 3 0 11 10140
39 3 0 12 10568
39 3 0 13 10904
39 3 0 14 11144
39 3 0 15 11292
39 3 0 16 11344
39 3 0 17 11304
39 3 0 18 11168
39 3 0 19 10952
39 3 0 20 10692
39 3 0 21 10396
39 3 0 22 10060
39 3 0 23 9688
39 3 0 24 9276
39 3 0 25 8828
39 3 0 26 8340
39 3 0 27 7816
39 3 0 28 7252
39 3 0 29 6652
39 3 0 30 6012
39 3 0 31 5336
39 3 0 32 4620
39 3 0 33 3864
39 3 0 34 3072
39 3 0 35 2244
39 3 0 36 1616
39 3 0 37 692
39 3 1 2 4
39 3 1 37 4
39 4 0 2 4616
39 4 0 3 20964
39 4 0 4 61032
39 4 0 5 104660
39 4 0 6 145048
39 4 0 7 183917
39 4 0 8 218996
39 4 0 9 250170
39 4 0 10 277192
39 4 0 11 299971
39 4 0 12 318236
39 4 0 13 331986
39 4 0 14 341226
39 4 0 15 346273
39 4 0 16 347180
39 4 0 17 344266
39 4 0 18 337444
39 4 0 19 327114
39 4 0 20 314108
39 4 0 21 298903
39 4 0 22 281642
39 4 0 23 262858
39 4 0 24 242676
39 4 0 25 221647
39 4 0 26 199878
39 4 0 27 177938
39 4 0 28 155916
39 4 0 29 134403
39 4 0 30 113466
39 4 0 31 93710
39 4 0 32 75192
39 4 0 33 58285
39 4 0 34 43510
39 4 0 35 31434
39 4 0 36 19018
39 4 0 37 9283
39 4 1 2 140
39 4 1 3 24
39 4 1 4 28
39 4 1 5 28
39 4 1 6 28
39 4 1 7 28
39 4 1 8 28
39 4 1 9 28
39 4 1 10 28
39 4 1 11 28
39 4 1 12 28
39 4 1 13 28
39 4 1 14 28
39 4 1 15 28
39 4 1 16 28
39 4 1 17 28
39 4 1 18 28
39 4 1 19 28
39 4 1 20 28
39 4 1 21 28
39 4 1 22 28
39 4 1 23 28
39 4 1 24 28
39 4 1 25 28
39 4 1 26 28
39 4 1 27 28
39 4 1 28 28
39 4 1 29 28
39 4 1 30 28
39 4 1 31 28
39 4 1 32 28
39 4 1 33 28
39 4 1 34 28
39 4 1 35 24
39 4 1 36 24
39 4 1 37 136
39 5 0 2 7936
39 5 0 3 125230
39 5 0 4 620552
39 5 0 5 1414360
39 5 0 6 2311872
39 5 0 7 3310192
39 5 0 8 4287268
39 5 0 9 5201592
39 5 0 10 6018740
39 5 0 11 6714700
39 5 0 12 7271836
39 5 0 13 7682868
39 5 0 14 7944080
39 5 0 15 8059380
39 5 0 16 8035648
39 5 0 17 7886212
39 5 0 18 7627024
39 5 0 19 7278580
39 5 0 20 6854520
39 5 0 21 6371988
39 5 0 22 5846044
39 5 0 23 5292036
39 5 0 24 4722904
39 5 0 25 4151340
39 5 0 26 3588232
39 5 0 27 3043560
39 5 0 28 2526212
39 5 0 29 2043644
39 5 0 30 1602528
39 5 0 31 1207208
39 5 0 32 863052
39 5 0 33 576816
39 5 0 34 348188
39 5 0 35 178638
39 5 0 36 51100
39 5 1 2 512
39 5 1 3 1604
39 5 1 4 2208
39 5 1 5 2536
39 5 1 6 2556
39 5 1 7 2576
39 5 1 8 2596
39 5 1 9 2616
39 5 1 10 2636
39 5 1 11 2656
39 5 1 12 2676
39 5 1 13 2696
39 5 1 14 2716
39 5 1 15 2736
39 5 1 16 2756
39 5 1 17 2776
39 5 1 18 2776
39 5 1 19 2736
39 5 1 20 2676
39 5 1 21 2616
39 5 1 22 2556
39 5 1 23 2496
39 5 1 24 2436
39 5 1 25 2376
39 5 1 26 2316
39 5 1 27 2256
39 5 1 28 2196
39 5 1 29 2136
39 5 1 30 2076
39 5 1 31 2016
39 5 1 32 1960
39 5 1 33 1904
39 5 1 34 1868
39 5 1 35 1588
39 5 1 36 1572
39 5 2 2 4
39 5 2 3 4
39 5 2 35 4
39 5 2 36 4
40 0 0 1 1
40 0 0 40 1
40 1 0 2 4
40 1 0 3 4
40 1 0 4 4
40 1 0 5 4
40 1 0 6 4
40 1 0 7 4
40 1 0 8 4
40 1 0 9 4
40 1 0 10 4
40 1 0 11 4
40 1 0 12 4
40 1 0 13 4
40 1 0 14 4
40 1 0 15 4
40 1 0 16 4
40 1 0 17 4
40 1 0 18 4
40 1 0 19 4
40 1 0 20 4
40 1 0 21 4
40 1 0 22 4
40 1 0 23 4
40 1 0 24 4
40 1 0 25 4
40 1 0 26 4
40 1 0 27 4
40 1 0 28 4
40 1 0 29 4
40 1 0 30 4
40 1 0 31 4
40 1 0 32 4
40 1 0 33 4
40 1 0 34 4
40 1 0 35 4
40 1 0 36 4
40 1 0 37 4
40 1 0 38 4
40 1 0 39 4
40 2 0 2 150
40 2 0 3 158
40 2 0 4 228
40 2 0 5 230
40 2 0 6 232
40 2 0 7 234
40 2 0 8 236
40 2 0 9 238
40 2 0 10 240
40 2 0 11 242
40 2 0 12 244
40 2 0 13 246
40 2 0 14 248
40 2 0 15 250
40 2 0 16 252
40 2 0 17 254
40 2 0 18 256
40 2 0 19 258
40 2 0 20 254
40 2 0 21 248
40 2 0 22 242
40 2 0 23 236
40 2 0 24 230
40 2 0 25 224
40 2 0 26 218
40 2 0 27 212
40 2 0 28 206
40 2 0 29 200
40 2 0 30 194
40 2 0 31 188
40 2 0 32 182
40 2 0 33 176
40 2 0 34 170
40 2 0 35 164
40 2 0 36 158
40 2 0 37 156
40 2 0 38 150
40 2 0 39 148
40 3 0 2 280
40 3 0 3 1524
40 3 0 4 4712
40 3 0 5 5840
40 3 0 6 6872
40 3 0 7 7808
40 3 0 8 8652
40 3 0 9 9400
40 3 0 10 10056
40 3 0 11 10616
40 3 0 12 11084
40 3 0 13 11456
40 3 0 14 11736
40 3 0 15 11920
40 3 0 16 12012
40 3 0 17 12008
40 3 0 18 11912
40 3 0 19 11720
40 3 0 20 11468
40 3 0 21 11180
40 3 0 22 10856
40 3 0 23 10492
40 3 0 24 10092
40 3 0 25 9652
40 3 0 26 9176
40 3 0 27 8660
40 3 0 28 8108
40 3 0 29 7516
40 3 0 30 6888
40 3 0 31 6220
40 3 0 32 5516
40 3 0 33 4772
40 3 0 34 3988
40 3 0 35 3168
40 3 0 36 2312
40 3 0 37 1664
40 3 0 38 712
40 3 1 2 4
40 3 1 38 4
40 4 0 2 4892
40 4 0 3 22149
40 4 0 4 64909
40 4 0 5 111361
40 4 0 6 154518
40 4 0 7 196149
40 4 0 8 233959
40 4 0 9 267713
40 4 0 10 297308
40 4 0 11 322485
40 4 0 12 343165
40 4 0 13 359087
40 4 0 14 370420
40 4 0 15 377221
40 4 0 16 379817
40 4 0 17 378247
40 4 0 18 372770
40 4 0 19 363275
40 4 0 20 350785
40 4 0 21 335696
40 4 0 22 318508
40 4 0 23 299354
40 4 0 24 278777
40 4 0 25 256892
40 4 0 26 234260
40 4 0 27 210978
40 4 0 28 187625
40 4 0 29 164280
40 4 0 30 141544
40 4 0 31 119474
40 4 0 32 98685
40 4 0 33 79224
40 4 0 34 61464
40 4 0 35 45934
40 4 0 36 33207
40 4 0 37 20138
40 4 0 38 9836
40 4 1 2 144
40 4 1 3 24
40 4 1 4 28
40 4 1 5 28
40 4 1 6 28
40 4 1 7 28
40 4 1 8 28
40 4 1 9 28
40 4 1 10 28
40 4 1 11 28
40 4 1 12 28
40 4 1 13 28
40 4 1 14 28
40 4 1 15 28
40 4 1 16 28
40 4 1 17 28
40 4 1 18 28
40 4 1 19 28
40 4 1 20 28
40 4 1 21 28
40 4 1 22 28
40 4 1 23 28
40 4 1 24 28
40 4 1 25 28
40 4 1 26 28
40 4 1 27 28
40 4 1 28 28
40 4 1 29 28
40 4 1 30 28
40 4 1 31 28
40 4 1 32 28
40 4 1 33 28
40 4 1 34 28
40 4 1 35 28
40 4 1 36 24
40 4 1 37 24
40 4 1 38 140
40 5 0 2 8448
40 5 0 3 133366
40 5 0 4 671584
40 5 0 5 1535260
40 5 0 6 2514328
40 5 0 7 3609388
40 5 0 8 4688828
40 5 0 9 5706612
40 5 0 10 6627608
40 5 0 11 7423008
40 5 0 12 8074884
40 5 0 13 8571040
40 5 0 14 8908624
40 5 0 15 9087684
40 5 0 16 9115644
40 5 0 17 9002620
40 5 0 18 8765756
40 5 0 19 8423488
40 5 0 20 7994804
40 5 0 21 7494036
40 5 0 22 6939164
40 5 0 23 6345204
40 5 0 24 5727540
40 5 0 25 5099084
40 5 0 26 4472548
40 5 0 27 3858808
40 5 0 28 3267848
40 5 0 29 2708560
40 5 0 30 2188400
40 5 0 31 1714048
40 5 0 32 1289820
40 5 0 33 921132
40 5 0 34 614884
40 5 0 35 370680
40 5 0 36 190026
40 5 0 37 54280
40 5 1 2 528
40 5 1 3 1652
40 5 1 4 2276
40 5 1 5 2612
40 5 1 6 2632
40 5 1 7 2652
40 5 1 8 2672
40 5 1 9 2692
40 5 1 10 2712
40 5 1 11 2732
40 5 1 12 2752
40 5 1 13 2772
40 5 1 14 2792
40 5 1 15 2812
40 5 1 16 2832
40 5 1 17 2852
40 5 1 18 2868
40 5 1 19 2848
40 5 1 20 2792
40 5 1 21 2732
40 5 1 22 2672
40 5 1 23 2612
40 5 1 24 2552
40 5 1 25 2492
40 5 1 26 2432
40 5 1 27 2372
40 5 1 28 2312
40 5 1 29 2252
40 5 1 30 2192
40 5 1 31 2132
40 5 1 32 2072
40 5 1 33 2016
40 5 1 34 1960
40 5 1 35 1924
40 5 1 36 1636
40 5 1 37 1620
40 5 2 2 4
40 5 2 3 4
40 5 2 36 4
40 5 2 37 4
