# perimeter_min lattice=tri6 pmax=24 rmax=6 git=4aa9017-dirty
# COMPLETE only for animals with perimeter <= 24 AND area
# deficit i = nmax(p) - n at most 6. Rows outside that domain
# are present but partial -- do not read them as counts.
1 6 1
2 8 3
3 9 2
3 10 9
4 10 3
4 11 12
4 12 29
5 11 6
5 12 21
5 13 66
5 14 93
6 12 14
6 13 43
6 14 153
6 15 298
6 16 294
7 12 1
7 13 30
7 14 111
7 15 366
7 16 798
7 17 942
7 18 406
8 13 6
8 14 69
8 15 291
8 16 957
8 17 2169
8 18 2856
8 19 1806
8 20 489
9 14 27
9 15 166
9 16 803
9 17 2436
9 18 4816
9 19 5970
9 20 4296
9 21 1834
9 22 405
10 14 3
10 15 86
10 16 492
10 17 2157
10 18 6744
10 19 12249
10 20 14169
10 21 8022
10 22 2874
10 23 948
10 24 309
11 15 24
11 16 255
11 17 1542
11 18 5289
11 19 13926
11 20 22428
11 21 26724
11 22 20886
11 23 8580
11 24 2526
11 25 1044
11 26 246
12 15 2
12 16 117
12 17 801
12 18 4615
12 19 14700
12 20 34470
12 21 51064
12 22 46371
12 23 30624
12 24 15096
12 25 5940
12 26 2478
12 27 1020
12 28 132
13 16 27
13 17 426
13 18 2858
13 19 12492
13 20 35313
13 21 62296
13 22 88908
13 23 84336
13 24 49175
13 25 14460
13 26 3090
13 27 2010
13 28 540
13 29 36
14 16 3
14 17 168
14 18 1524
14 19 8673
14 20 27711
14 21 67284
14 22 110244
14 23 133479
14 24 119928
14 25 81120
14 26 35856
14 27 5280
14 28 420
15 17 42
15 18 759
15 19 5774
15 20 28611
15 21 83618
15 22 161506
15 23 207282
15 24 213558
15 25 165870
15 26 87480
15 27 39210
15 28 12558
16 17 6
16 18 290
16 19 3147
16 20 18036
16 21 62743
16 22 145500
16 23 250782
16 24 318606
16 25 245184
16 26 167733
16 27 63018
16 28 2907
17 18 87
17 19 1458
17 20 11154
17 21 51120
17 22 162204
17 23 341916
17 24 460377
17 25 505272
17 26 384819
17 27 237396
17 28 125640
17 29 31836
18 18 14
18 19 613
18 20 6864
18 21 42675
18 22 159513
18 23 381327
18 24 714282
18 25 908622
18 26 829935
18 27 524934
18 28 264750
18 29 153816
18 30 79320
19 18 1
19 19 198
19 20 3273
19 21 22258
19 22 79773
19 23 221988
19 24 453672
19 25 725568
19 26 925446
19 27 829332
19 28 561210
19 29 146544
19 30 16275
20 19 42
20 20 1449
20 21 14565
20 22 89433
20 23 330006
20 24 804903
20 25 1354608
20 26 1603500
20 27 1299729
20 28 547710
20 29 174597
21 19 6
21 20 507
21 21 8292
21 22 58504
21 23 230898
21 24 595555
21 25 1138170
21 26 1689930
21 27 1848274
21 28 1641567
21 29 636240
22 20 147
22 21 3685
22 22 31134
22 23 149367
22 24 504084
22 25 1231845
22 26 2096964
22 27 2543753
22 28 1665066
22 29 737316
22 30 470390
23 20 27
23 21 1488
23 22 17907
23 23 122730
23 24 525615
23 25 1452258
23 26 2945307
23 27 4145976
23 28 4724466
23 29 3260382
23 30 788580
24 20 3
24 21 496
24 22 10574
24 23 85626
24 24 360473
24 25 1014804
24 26 2012760
24 27 3314253
24 28 4004527
24 29 3321312
24 30 1854174
25 21 128
25 22 4614
25 23 44436
25 24 252042
25 25 946812
25 26 2547717
25 27 4496584
25 28 4831656
25 29 2842164
26 21 24
26 22 1743
26 23 22437
26 24 154962
26 25 695535
26 26 2056146
26 27 4245858
26 28 6564528
26 29 6507078
26 30 4386792
27 21 2
27 22 579
27 23 15072
27 24 142333
27 25 715388
27 26 2323536
27 27 5443334
27 28 8738082
27 29 9477660
27 30 4219920
28 22 147
28 23 6429
28 24 64199
28 25 334362
28 26 1169997
28 27 2754228
28 28 4494864
28 29 3824184
28 30 1626639
29 22 27
29 23 2454
29 24 32382
29 25 238014
29 26 1072152
29 27 3125394
29 28 5721372
29 29 6757044
29 30 4196352
30 22 3
30 23 798
30 24 21539
30 25 204798
30 26 1011801
30 27 2911260
30 28 5454063
30 29 6024828
30 30 3699878
31 23 216
31 24 10298
31 25 100848
31 26 452676
31 27 1199706
31 28 1845948
31 29 1730448
31 30 579504
32 23 42
32 24 4014
32 25 35751
32 26 143718
32 27 299112
32 28 354132
32 29 146130
33 23 6
33 24 1341
33 25 10880
33 26 34392
33 27 54734
33 28 28876
34 24 392
34 25 2505
34 26 6018
34 27 4315
35 24 87
35 25 420
35 26 459
36 24 14
36 25 31
37 24 1
