# perimeter_min lattice=square4 pmax=28 rmax=6 git=167dd4e-dirty
# COMPLETE only for animals with perimeter <= 28 AND area
# deficit i = nmax(p) - n at most 6. Rows outside that domain
# are present but partial -- do not read them as counts.
1 4 1
2 6 2
3 7 4
3 8 2
4 8 9
4 9 8
4 10 2
5 8 1
5 9 20
5 10 28
5 11 12
6 9 4
6 10 54
6 11 80
6 12 44
6 13 8
7 10 22
7 11 136
7 12 252
7 13 124
7 14 16
8 10 4
8 11 80
8 12 388
8 13 473
8 14 220
8 15 72
9 11 28
9 12 291
9 13 1152
9 14 1292
9 15 500
9 16 53
9 17 4
10 11 4
10 12 154
10 13 986
10 14 1996
10 15 1612
10 16 756
10 17 176
10 18 12
11 12 52
11 13 644
11 14 1986
11 15 2992
11 16 2172
11 17 612
11 18 108
11 19 24
11 20 4
12 12 9
12 13 325
12 14 2644
12 15 6926
12 16 7552
12 17 4716
12 18 1766
12 19 400
12 20 56
12 21 8
13 12 1
13 13 112
13 14 1660
13 15 4564
13 16 5872
13 17 4436
13 18 1998
13 19 628
13 20 172
13 21 36
13 22 4
14 13 28
14 14 828
14 15 3996
14 16 10544
14 17 16076
14 18 13866
14 19 7596
14 20 2324
14 21 400
14 22 88
14 23 8
15 13 4
15 14 332
15 15 4608
15 16 15804
15 17 25924
15 18 22500
15 19 12616
15 20 3832
15 21 1424
15 22 572
15 23 164
15 24 16
16 14 106
16 15 2406
16 16 9656
16 17 19944
16 18 29526
16 19 28884
16 20 20234
16 21 7752
16 22 1852
16 23 440
16 24 88
16 25 8
17 14 22
17 15 1104
17 16 5262
17 17 15260
17 18 25790
17 19 29336
17 20 18964
17 21 7012
17 22 3024
17 23 1680
17 24 688
17 25 112
17 26 4
18 14 4
18 15 396
18 16 6702
18 17 28354
18 18 61916
18 19 81808
18 20 73702
18 21 49962
18 22 22792
18 23 7408
18 24 3160
18 25 1240
18 26 216
18 27 8
19 15 124
19 16 3982
19 17 20096
19 18 53974
19 19 92048
19 20 104556
19 21 72968
19 22 29070
19 23 7040
19 24 3864
19 25 2152
19 26 680
19 27 108
19 28 4
20 15 28
20 16 1730
20 17 8895
20 18 23722
20 19 41150
20 20 51683
20 21 58616
20 22 60532
20 23 43280
20 24 17252
20 25 6528
20 26 3096
20 27 728
20 28 48
21 15 4
21 16 651
21 17 7144
21 18 34100
21 19 93432
21 20 168091
21 21 200856
21 22 153220
21 23 59644
21 24 9812
21 25 9256
21 26 9692
21 27 5484
21 28 1376
21 29 96
22 16 206
22 17 7632
22 18 44576
22 19 133520
22 20 248770
22 21 309452
22 22 267764
22 23 166590
22 24 99576
22 25 39064
22 26 13052
22 27 7120
22 28 3048
22 29 688
22 30 48
23 16 52
23 17 3332
23 18 19526
23 19 55776
23 20 97358
23 21 111132
23 22 77800
23 23 55508
23 24 31620
23 25 10900
23 26 10340
23 27 13652
23 28 9840
23 29 3072
23 30 292
24 16 9
24 17 1305
24 18 11486
24 19 53624
24 20 165090
24 21 346144
24 22 522928
24 23 519052
24 24 389276
24 25 202940
24 26 81680
24 27 28272
24 28 23772
24 29 17280
24 30 5736
24 31 584
25 16 1
25 17 440
25 18 7576
25 19 46144
25 20 152136
25 21 321168
25 22 424366
25 23 350244
25 24 158508
25 25 54644
25 26 17360
25 27 11852
25 28 18968
25 29 17848
25 30 9720
25 31 2868
25 32 292
26 17 124
26 18 7864
26 19 55010
26 20 193964
26 21 423346
26 22 627146
26 23 684022
26 24 574632
26 25 398824
26 26 315388
26 27 159696
26 28 43684
26 29 27704
26 30 24792
26 31 9768
26 32 1216
27 17 28
27 18 3226
27 19 26704
27 20 113810
27 21 320944
27 22 646608
27 23 930816
27 24 854100
27 25 524960
27 26 176158
27 27 28616
27 28 11532
27 29 30092
27 30 48508
27 31 43380
27 32 18096
27 33 2432
28 17 4
28 18 1200
28 19 9900
28 20 41300
28 21 113362
28 22 219688
28 23 262652
28 24 219722
28 25 177490
28 26 326076
28 27 457364
28 28 295380
28 29 77312
28 30 33232
28 31 37376
28 32 24696
28 33 9048
28 34 1216
29 18 392
29 19 8700
29 20 62776
29 21 249568
29 22 627824
29 23 1157676
29 24 1515062
29 25 1369752
29 26 856744
29 27 409936
29 28 48704
29 29 9820
29 30 26420
29 31 49552
29 32 53168
29 33 25488
29 34 3940
30 18 106
30 19 9462
30 20 84736
30 21 377736
30 22 1088286
30 23 2093362
30 24 2781636
30 25 2130532
30 26 900884
30 27 451504
30 28 708560
30 29 516504
30 30 135176
30 31 24144
30 32 19432
30 33 4728
31 18 22
31 19 3844
31 20 33356
31 21 143884
31 22 375188
31 23 669484
31 24 760628
31 25 706528
31 26 832798
31 27 875544
31 28 419750
31 29 80304
31 30 5628
31 31 8296
31 32 3332
32 18 4
32 19 1388
32 20 15550
32 21 84998
32 22 301520
32 23 724766
32 24 1274206
32 25 1598536
32 26 1383332
32 27 870634
32 28 989268
32 29 1053332
32 30 859536
32 31 235040
33 19 456
33 20 7326
33 21 56332
33 22 266656
33 23 874932
33 24 2012660
33 25 3165684
33 26 3193380
33 27 1559032
33 28 240248
33 29 309524
33 30 128712
34 19 124
34 20 11224
34 21 112926
34 22 565538
34 23 1746212
34 24 3551796
34 25 4948532
34 26 3991180
34 27 2028576
34 28 2537650
34 29 1909972
34 30 1512900
34 31 1371304
34 32 420724
35 19 28
35 20 5682
35 21 57236
35 22 274790
35 23 781436
35 24 1494870
35 25 1632204
35 26 1040978
35 27 593796
35 28 493178
35 29 308208
35 30 436032
35 31 201016
36 19 4
36 20 2122
36 21 26247
36 22 162852
36 23 688926
36 24 2054427
36 25 4625875
36 26 7496986
36 27 7808984
36 28 4502062
36 29 2339932
36 30 1823500
36 31 2111396
36 32 2109244
36 33 720624
37 20 719
37 21 8688
37 22 55248
37 23 221604
37 24 647965
37 25 1347084
37 26 1840078
37 27 1586524
37 28 1779448
37 29 1937256
37 30 1647866
37 31 598620
37 32 303732
38 20 206
38 21 9296
38 22 97634
38 23 541996
38 24 1873814
38 25 4216182
38 26 6313374
38 27 5071344
38 28 395868
38 29 429178
38 30 358792
38 31 1286704
38 32 2873816
38 33 3138912
38 34 1183144
39 20 52
39 21 10448
39 22 128008
39 23 763500
39 24 2857360
39 25 7389212
39 26 13309598
39 27 15170072
39 28 11037308
39 29 9153588
39 30 5967080
39 31 3971204
39 32 803336
39 33 445168
40 20 9
40 21 4069
40 22 50160
40 23 297612
40 24 1112516
40 25 2825510
40 26 4690030
40 27 5205342
40 28 5313380
40 29 1165232
40 30 996828
40 31 136744
40 32 115644
41 20 1
41 21 1444
41 22 16852
41 23 93056
41 24 313310
41 25 640792
41 26 811990
41 27 1065508
41 28 451366
41 29 1528616
41 30 3591608
41 31 4947564
41 32 2394290
42 21 456
42 22 11698
42 23 119448
42 24 696228
42 25 2694888
42 26 7279808
42 27 13906646
42 28 17163336
42 29 11917012
42 30 12084924
42 31 4194974
42 32 3401056
43 21 124
43 22 9016
43 23 118604
43 24 799896
43 25 3388168
43 26 9657392
43 27 18385452
43 28 20539072
43 29 13754424
43 30 729750
43 31 789288
44 21 28
44 22 9608
44 23 133450
44 24 888570
44 25 3591574
44 26 9771160
44 27 16639186
44 28 17392352
44 29 656568
44 30 2976098
44 31 7845240
44 32 12803480
44 33 9066920
45 21 4
45 22 3646
45 23 48584
45 24 295650
45 25 1089668
45 26 2439846
45 27 3806868
45 28 3342442
45 29 9786616
45 30 17099884
45 31 16543736
45 32 2005872
46 22 1276
46 23 22336
46 24 197612
46 25 1119548
46 26 4578820
46 27 12995498
46 28 27817518
46 29 33735836
46 30 12420968
46 31 2427552
46 32 6485108
46 33 10412476
46 34 5993256
47 22 392
47 23 7152
47 24 65008
47 25 397828
47 26 1623490
47 27 5021576
47 28 9731240
47 29 10605196
47 30 11750562
47 31 2168428
47 32 6051008
47 33 8589444
47 34 7970630
48 22 106
48 23 9310
48 24 137476
48 25 999298
48 26 4606642
48 27 13833352
48 28 27669048
48 29 33061520
48 30 13310814
48 31 24701692
48 32 24362218
48 33 1554056
49 22 22
49 23 11028
49 24 171910
49 25 1287548
49 26 5816808
49 27 17446760
49 28 33763858
49 29 32698260
49 30 3332504
49 31 4185120
49 32 230154
50 22 4
50 23 4160
50 24 69384
50 25 553352
50 26 2831172
50 27 10140454
50 28 25398004
50 29 48436000
50 30 67607862
50 31 33837590
51 23 1464
51 24 22904
51 25 172372
51 26 811052
51 27 2487400
51 28 5693032
51 29 10576948
51 30 10701948
51 31 17699864
51 32 34708644
51 33 35690440
52 23 456
52 24 11850
52 25 138674
52 26 955032
52 27 4381928
52 28 13644630
52 29 26253258
52 30 24655612
52 31 4365316
52 32 5747552
53 23 124
53 24 6370
53 25 91796
53 26 712138
53 27 3466092
53 28 11514456
53 29 24909704
53 30 42152454
53 31 28314708
53 32 24760366
54 23 28
54 24 12504
54 25 228066
54 26 1993358
54 27 10772704
54 28 39195492
54 29 96718446
54 30 140640210
54 31 89545186
54 32 53079300
54 33 48871888
54 34 53523884
55 23 4
55 24 6126
55 25 108260
55 26 894546
55 27 4477368
55 28 14714298
55 29 28281616
55 30 29510230
55 31 6322816
55 32 5697264
55 33 7971976
56 24 2206
56 25 36423
56 26 273708
56 27 1213108
56 28 2923720
56 29 3653116
56 30 612644
56 31 501824
56 32 930780
57 24 719
57 25 18164
57 26 219632
57 27 1608072
57 28 8271408
57 29 30040716
57 30 77451364
57 31 118497820
57 32 68948676
57 33 84257884
58 24 206
58 25 5724
58 26 75254
58 27 649624
58 28 3849740
58 29 16220052
58 30 45462136
58 31 84209656
58 32 109605340
59 24 52
59 25 9260
59 26 179508
59 27 1694696
59 28 9813040
59 29 37462520
59 30 93361804
59 31 127514344
60 24 9
60 25 11265
60 26 224886
60 27 2115888
60 28 12118788
60 29 45527336
60 30 110104416
60 31 134413004
60 32 25622292
60 33 57221260
60 34 58664296
61 24 1
61 25 4228
61 26 85072
61 27 804936
61 28 4660822
61 29 17827000
61 30 43432874
61 31 69599068
61 32 90047574
61 33 46166300
61 34 68404814
62 25 1464
62 26 30204
62 27 303384
62 28 1974394
62 29 9034992
62 30 33123284
62 31 94867224
62 32 197309592
62 33 163108742
63 25 456
63 26 8880
63 27 84124
63 28 495020
63 29 2238360
63 30 8006838
63 31 20526068
63 32 19291666
64 25 124
64 26 9970
64 27 191892
64 28 1932210
64 29 12125038
64 30 50606962
64 31 136639792
64 32 197063796
65 25 28
65 26 9088
65 27 195144
65 28 1986780
65 29 12188716
65 30 48223422
65 31 114440084
65 32 108166096
66 25 4
66 26 10072
66 27 229574
66 28 2478672
66 29 16538688
66 30 74380652
66 31 221707582
66 32 463342440
66 33 400757896
66 34 235870592
67 26 3738
67 27 80504
67 28 804340
67 29 4826784
67 30 17858064
67 31 44865324
67 32 40570900
67 33 26073296
68 26 1276
68 27 25420
68 28 228758
68 29 1118194
68 30 3517126
68 31 3302984
68 32 2317216
69 26 392
69 27 14768
69 28 240902
69 29 2395420
69 30 15309072
69 31 69154732
69 32 205990728
69 33 326265816
70 26 106
70 27 4534
70 28 84596
70 29 875976
70 30 6128256
70 31 28548260
70 32 84529720
70 33 139943800
70 34 175303316
71 26 22
71 27 9264
71 28 224888
71 29 2652024
71 30 19076776
71 31 90308956
71 32 282532776
71 33 504700172
71 34 198035732
72 26 4
72 27 11360
72 28 281628
72 29 3259578
72 30 22940588
72 31 105261864
72 32 309324486
72 33 456306170
73 27 4252
73 28 98890
73 29 1052276
73 30 6520332
73 31 24458488
73 32 44516044
74 27 1464
74 28 39084
74 29 501292
74 30 4074956
74 31 22751200
74 32 94727284
74 33 304456648
74 34 519226868
75 27 456
75 28 11676
75 29 143276
75 30 1074308
75 31 5707200
75 32 23415864
75 33 49545264
76 27 124
76 28 8734
76 29 188982
76 30 2202888
76 31 16197752
76 32 76852676
76 33 221873844
76 34 307835986
77 27 28
77 28 5598
77 29 138912
77 30 1686322
77 31 12264000
77 32 58428532
77 33 168134880
77 34 343234402
78 27 4
78 28 12832
78 29 348738
78 30 4425912
78 31 34251024
78 32 172203390
78 33 566007008
78 34 924780814
79 28 6226
79 29 162072
79 30 1960592
79 31 13980412
79 32 64327782
79 33 162889248
79 34 203832340
80 28 2206
80 29 53699
80 30 579296
80 31 3612982
80 32 11613484
80 33 17888532
81 28 719
81 29 15628
81 30 148538
81 31 645856
81 32 1275868
82 28 206
82 29 3976
82 30 26282
82 31 71050
83 28 52
83 29 696
83 30 2898
84 28 9
84 29 77
85 28 1
