# box W=15 H=15 parity=0 slo=0 shi=28 pbox=32 cells=113 mult=1 free: 1 4 18 60 187 524 1388 3452 8193
# perimeter_min lattice=square4 pmax=999 rmax=8 git=4aa9017f-dirty
# COMPLETE only for animals with perimeter <= 999 AND area
# deficit i = nmax(p) - n at most 8. Rows outside that domain
# are present but partial -- do not read them as counts.
105 32 8193
105 33 349492
105 34 7184014
105 35 93265984
105 36 856556642
105 37 5680577356
105 38 28229245548
105 39 93371103224
105 40 230011133990
106 32 3452
106 33 142328
106 34 2781788
106 35 34295360
106 36 286436234
106 37 1731500028
106 38 6745232670
106 39 19725463898
107 32 1388
107 33 54424
107 34 1012844
107 35 11356504
107 36 86978532
107 37 409959564
107 38 1454058878
108 32 524
108 33 19619
108 34 332012
108 35 3436390
108 36 20385893
108 37 90285615
109 32 187
109 33 6364
109 34 100142
109 35 796408
109 36 4592439
110 32 60
110 33 1914
110 34 22920
110 35 183760
111 32 18
111 33 432
111 34 5424
112 32 4
112 33 105
113 32 1
