# perimeter_min lattice=square8 pmax=40 rmax=6 git=167dd4e-dirty
# COMPLETE only for animals with perimeter <= 40 AND area
# deficit i = nmax(p) - n at most 6. Rows outside that domain
# are present but partial -- do not read them as counts.
1 8 1
2 10 2
2 12 2
3 12 6
3 14 8
3 15 4
3 16 2
4 12 1
4 14 18
4 15 8
4 16 28
4 17 21
4 18 12
5 14 8
5 15 4
5 16 55
5 17 60
5 18 44
5 19 12
5 20 21
5 21 12
6 14 2
6 16 40
6 17 58
6 18 186
6 19 300
6 20 330
6 21 120
6 22 60
6 23 40
6 24 22
7 16 22
7 17 20
7 18 170
7 19 404
7 20 422
7 21 240
7 22 176
7 23 144
7 24 40
8 16 6
8 17 5
8 18 130
8 19 288
8 20 328
8 21 224
8 22 320
8 23 216
8 24 228
8 25 264
8 26 240
8 27 64
9 16 1
9 18 72
9 19 152
9 20 412
9 21 1148
9 22 1872
9 23 1736
9 24 1604
9 25 992
9 26 448
9 27 32
10 18 30
10 19 48
10 20 506
10 21 1654
10 22 2630
10 23 3288
10 24 2344
10 25 1634
10 26 1060
10 27 992
10 28 1208
10 29 584
10 30 52
11 18 8
11 19 16
11 20 298
11 21 972
11 22 1792
11 23 1740
11 24 1548
11 25 892
11 26 680
11 27 1304
11 28 1138
11 29 240
12 18 2
12 20 151
12 21 524
12 22 1120
12 23 2564
12 24 4859
12 25 6840
12 26 8804
12 27 5800
12 28 3800
12 29 2472
12 30 3850
12 31 2672
12 32 464
13 20 68
13 21 192
13 22 530
13 23 1380
13 24 2712
13 25 4744
13 26 4136
13 27 3220
13 28 1100
13 29 2672
13 30 3044
13 31 960
13 32 2
14 20 22
14 21 62
14 22 886
14 23 4040
14 24 10336
14 25 16364
14 26 18376
14 27 14908
14 28 12214
14 29 2128
14 30 2588
14 31 4896
14 32 9360
14 33 8472
14 34 2182
15 20 6
15 21 12
15 22 448
15 23 2224
15 24 5620
15 25 10300
15 26 16226
15 27 24904
15 28 27446
15 29 21516
15 30 15938
15 31 4728
15 32 6648
15 33 2784
15 36 2
16 20 1
16 22 218
16 23 1000
16 24 2464
16 25 4478
16 26 8282
16 27 10448
16 28 10876
16 29 9898
16 30 1412
16 31 3416
16 32 4356
16 33 8456
16 34 19200
16 35 21408
16 36 7296
16 38 2
17 22 88
17 23 380
17 24 866
17 25 1916
17 26 2596
17 27 3732
17 28 4356
17 29 216
17 30 848
17 31 1248
17 32 2228
17 33 7600
17 34 12700
17 35 6624
17 40 2
18 22 30
18 23 112
18 24 1076
18 25 5624
18 26 18646
18 27 43986
18 28 73862
18 29 101864
18 30 130800
18 31 64104
18 32 55554
18 33 5136
18 34 6908
18 35 13344
18 36 35080
18 37 46440
18 38 19700
19 22 8
19 23 32
19 24 894
19 25 5880
19 26 20358
19 27 42872
19 28 70834
19 29 94844
19 30 71068
19 31 26320
19 32 1092
19 33 1756
19 34 2936
19 35 11416
19 36 22080
19 37 13776
20 22 2
20 24 426
20 25 2827
20 26 8666
20 27 18280
20 28 29032
20 29 25643
20 30 9086
20 31 136
20 32 320
20 33 376
20 34 2380
20 35 7352
20 36 10468
20 37 19752
20 38 58968
20 39 90320
20 40 45840
21 24 187
21 25 1108
21 26 3344
21 27 6668
21 28 7457
21 29 6020
21 30 20000
21 31 61356
21 32 137966
21 33 158176
21 34 156210
21 35 2392
21 36 3740
21 37 16304
21 38 35796
21 39 25984
22 24 68
22 25 390
22 26 1896
22 27 8306
22 28 29980
22 29 86050
22 30 168032
22 31 244248
22 32 287390
22 33 59418
22 34 392
22 35 424
22 36 2960
22 37 10128
22 38 15292
22 39 27872
22 40 93088
22 41 161848
22 42 95620
23 24 22
23 25 116
23 26 626
23 27 3456
23 28 14426
23 29 36800
23 30 64852
23 31 91292
23 32 16870
23 33 40
23 34 24
23 35 312
23 36 1676
23 37 3172
23 38 4640
23 39 22392
23 40 54984
23 41 45504
24 24 6
24 25 21
24 26 1196
24 27 10448
24 28 45294
24 29 122640
24 30 256120
24 31 354336
24 32 449590
24 33 98432
24 34 254880
24 35 337968
24 36 376948
24 37 472
24 38 3604
24 39 13528
24 40 21668
24 41 37896
24 42 139920
24 43 272128
24 44 183424
25 24 1
25 26 560
25 27 4744
25 28 18956
25 29 51584
25 30 87374
25 31 128968
25 32 14608
25 33 51000
25 34 86752
25 35 119396
25 36 24
25 37 344
25 38 2016
25 39 4112
25 40 5636
25 41 29808
25 42 80908
25 43 75168
26 26 238
26 27 1864
26 28 8216
26 29 24922
26 30 73970
26 31 153176
26 32 346464
26 33 551480
26 34 721974
26 36 16
26 37 184
26 38 560
26 39 520
26 40 4312
26 41 17616
26 42 29916
26 43 50016
26 44 202200
26 45 434824
26 46 329268
27 26 88
27 27 680
27 28 2630
27 29 9356
27 30 21088
27 31 62940
27 32 124560
27 33 199256
27 34 36510
27 35 147880
27 36 432822
27 37 651056
27 38 810902
27 39 376
27 40 2388
27 41 5228
27 42 6728
27 43 38680
27 44 114960
27 45 118448
28 26 30
28 27 192
28 28 840
28 29 1864
28 30 8208
28 31 21288
28 32 41216
28 33 3154
28 34 19028
28 35 74872
28 36 143782
28 37 219884
28 38 16
28 39 200
28 40 656
28 41 568
28 42 5036
28 43 21584
28 44 31020
29 26 8
29 27 52
29 28 1112
29 29 11968
29 30 65302
29 31 220820
29 32 549610
29 33 973848
29 34 1399794
29 35 23896
29 36 46090
29 38 8
29 39 52
29 40 24
29 41 408
29 42 2752
29 43 5776
30 26 2
30 28 1054
30 29 11598
30 30 61594
30 31 218852
30 32 575806
30 33 1163124
30 34 1508944
30 35 1179246
30 36 1750244
30 37 211392
30 38 689722
30 39 1159728
30 40 1594630
30 41 216
30 42 728
31 28 470
31 29 4848
31 30 24948
31 31 84052
31 32 202962
31 33 296304
31 34 224888
31 35 394496
31 36 24024
31 37 105164
31 38 224936
31 39 378304
31 40 8
31 41 56
32 28 187
32 29 1856
32 30 8998
32 31 27578
32 32 46736
32 33 32990
32 34 71228
32 35 1768
32 36 11508
32 37 33144
32 38 70172
32 40 2
33 28 68
33 29 632
33 30 2758
33 31 5748
33 32 3502
33 33 9892
33 34 64
33 35 812
33 36 3896
33 37 16420
33 38 57852
33 39 290696
33 40 1045778
33 41 1942800
33 42 2920680
34 28 22
34 29 182
34 30 1556
34 31 13920
34 32 92896
34 33 381524
34 34 1194274
34 35 2662304
34 36 4861662
34 37 2287934
34 38 3743000
34 39 142632
34 40 336152
34 41 616428
35 28 6
35 29 32
35 30 488
35 31 6332
35 32 38108
35 33 154500
35 34 416392
35 35 888728
35 36 379046
35 37 738600
35 38 14048
35 39 44504
35 40 102600
36 28 1
36 30 1332
36 31 17832
36 32 117764
36 33 498000
36 34 1555214
36 35 3134200
36 36 5452176
36 37 896
36 38 4644
36 39 20280
36 40 70332
36 41 387520
36 42 1523452
36 43 3097640
36 44 5052110
37 30 584
37 31 7580
37 32 47320
37 33 193868
37 34 483904
37 35 1001316
37 36 28
37 37 264
37 38 1422
37 39 4360
37 40 35744
37 41 188032
37 42 484016
37 43 960932
38 30 238
38 31 2920
38 32 17616
38 33 57980
38 34 148706
38 35 13368
38 36 107776
38 37 551530
38 38 1818688
38 39 4127944
38 40 7405334
38 41 58192
38 42 145102
39 30 88
39 31 1040
39 32 6100
39 33 32996
39 34 125188
39 35 592752
39 36 2067090
39 37 4935224
39 38 9324656
39 39 1292584
39 40 5464
39 41 24752
39 42 84018
39 43 503592
39 44 2147474
39 45 4742184
39 46 8337042
40 30 30
40 31 288
40 32 1888
40 33 7318
40 34 51206
40 35 234036
40 36 688300
40 37 1544610
40 38 181466
40 39 288
40 40 1638
40 41 4762
40 42 42468
40 43 242120
40 44 675764
40 45 1443838
41 30 8
41 31 76
41 32 210
41 33 2888
41 34 19416
41 35 74912
41 36 206976
41 37 19724
41 38 8
41 39 76
41 40 134
41 41 2344
41 42 19884
41 43 74424
41 44 199568
42 30 2
42 32 1200
42 33 19420
42 34 152472
42 35 768936
42 36 2774560
42 37 6973440
42 38 13911234
42 39 766880
42 40 2799640
42 41 6996512
42 42 13688492
42 43 21242
43 32 1106
43 33 17664
43 34 138734
43 35 696172
43 36 2442494
43 37 6087072
43 38 8021768
43 39 294168
43 40 913860
43 41 2139120
43 42 1640
44 32 470
44 33 7279
44 34 55122
44 35 268676
44 36 935318
44 37 2084879
44 38 3413754
44 39 8994116
44 40 18561086
44 41 82
45 32 187
45 33 2740
45 34 19248
45 35 84624
45 36 214735
45 37 340556
45 38 1111636
45 39 2735572
45 40 2
46 32 68
46 33 918
46 34 5726
46 35 17462
46 36 24924
46 37 107332
46 38 327518
46 39 16632
46 40 165208
46 41 1031932
46 42 4130910
46 43 11271568
46 44 23909258
47 32 22
47 33 260
47 34 1070
47 35 1192
47 36 7604
47 37 30412
47 38 408
47 39 7976
47 40 73884
47 41 392376
47 42 1331444
47 43 3380684
48 32 6
48 33 45
48 34 1148
48 35 21744
48 36 199518
48 37 1158252
48 38 4904700
48 39 13995720
48 40 31228168
48 41 122836
48 42 387174
49 32 1
49 34 512
49 35 9280
49 36 80972
49 37 467184
49 38 1787642
49 39 5442200
49 40 5374268
49 41 15651724
49 42 35333700
50 34 1360
50 35 25984
50 36 246304
50 37 1470746
50 38 6369518
50 39 17768428
50 40 41782950
50 41 4671590
50 42 198488
50 43 1351736
50 44 5887116
50 45 17415720
50 46 39823572
51 34 584
51 35 10912
51 36 96498
51 37 550124
51 38 1898944
51 39 5304588
51 40 498296
51 41 8736
51 42 88296
51 43 510264
51 44 1877744
51 45 5141168
52 34 238
52 35 4152
52 36 34998
52 37 159344
52 38 549132
52 39 41610
52 40 190
52 41 3784
52 42 32540
52 43 158512
52 44 539094
53 34 88
53 35 1460
53 36 9856
53 37 44556
53 38 2550
53 40 80
53 41 1360
53 42 9840
53 43 44152
54 34 30
54 35 400
54 36 3780
54 37 24518
54 38 256992
54 39 1720360
54 40 8334696
54 41 27515596
54 42 72108454
54 43 25877712
54 44 63919514
55 34 8
55 35 104
55 36 506
55 37 10448
55 38 103344
55 39 656812
55 40 2667676
55 41 8232236
55 42 2569016
55 43 7579568
56 34 2
56 36 210
56 37 4088
56 38 38306
56 39 204032
56 40 770586
56 41 200132
56 42 732260
57 36 1228
57 37 27376
57 38 299454
57 39 2074952
57 40 10143616
57 41 34174428
57 42 89016648
58 36 1106
58 37 24714
58 38 267962
58 39 1832232
58 40 8651092
58 41 28610800
58 42 49484114
59 36 470
59 37 10084
59 38 102452
59 39 639636
59 40 2626600
59 41 5455480
59 42 311984
59 43 2261928
59 44 11754768
59 45 40928072
59 46 109592116
60 36 187
60 37 3760
60 38 35998
60 39 216662
60 40 809013
60 41 2392626
60 42 12707926
60 43 45383228
60 44 125230978
60 45 11819800
61 36 68
61 37 1248
61 38 10554
61 39 45908
61 40 128878
61 41 903096
61 42 3996592
61 43 13129540
61 44 1040942
62 36 22
62 37 350
62 38 1980
62 39 4568
62 40 47448
62 41 277288
62 42 1126834
62 43 71932
63 36 6
63 37 60
63 38 80
63 39 1640
63 40 14224
63 41 76068
63 42 3660
64 36 1
64 38 1176
64 39 29912
64 40 373876
64 41 2923694
64 42 16468854
64 43 62043960
64 44 179991166
65 38 512
65 39 12672
65 40 147422
65 41 1098032
65 42 5140624
65 43 17788632
66 38 1360
66 39 35328
66 40 450608
66 41 3589136
66 42 20553362
66 43 75888196
66 44 235759662
66 45 72789016
66 46 216840256
67 38 584
67 39 14720
67 40 173944
67 41 1312420
67 42 5984884
67 43 21966612
67 44 5834352
67 45 20749400
68 38 238
68 39 5560
68 40 62128
68 41 373260
68 42 1683570
68 43 368448
68 44 1625666
69 38 88
69 39 1940
69 40 17276
69 41 101996
69 42 17200
69 43 100184
70 38 30
70 39 528
70 40 4584
70 41 528
70 42 4556
71 38 8
71 39 136
71 40 1156
71 41 33096
71 42 462568
71 43 4065720
71 44 25392952
71 45 105819896
71 46 337868696
72 38 2
72 40 506
72 41 14018
72 42 183392
72 43 1515744
72 44 7853912
72 45 29925812
73 40 210
73 41 5448
73 42 66968
73 43 459808
73 44 2173516
74 40 1228
74 41 36420
74 42 525172
74 43 4756664
74 44 30143036
74 45 130780976
74 46 434291024
75 40 1106
75 41 32704
75 42 465182
75 43 4138668
75 44 25226442
75 45 106861968
75 46 235557836
76 40 470
76 41 13263
76 42 175728
76 43 1418988
76 44 7469934
76 45 19693555
77 40 187
77 41 4916
77 42 59112
77 43 412016
77 44 1351507
78 40 68
78 41 1622
78 42 16820
78 43 73126
79 40 22
79 41 452
79 42 2926
80 40 6
80 41 77
81 40 1
