# perimeter_min lattice=tri6 pmax=30 rmax=6 git=113002f-dirty
# COMPLETE only for animals with perimeter <= 30 AND area
# deficit i = nmax(p) - n at most 6. Rows outside that domain
# are present but partial -- do not read them as counts.
1 6 1
2 8 3
3 9 2
3 10 9
4 10 3
4 11 12
4 12 29
5 11 6
5 12 21
5 13 66
5 14 93
6 12 14
6 13 43
6 14 153
6 15 298
6 16 294
7 12 1
7 13 30
7 14 111
7 15 366
7 16 798
7 17 942
7 18 406
8 13 6
8 14 69
8 15 291
8 16 957
8 17 2169
8 18 2856
8 19 1806
8 20 489
9 14 27
9 15 166
9 16 803
9 17 2436
9 18 4816
9 19 5970
9 20 4296
9 21 1834
9 22 405
10 14 3
10 15 86
10 16 492
10 17 2157
10 18 6744
10 19 12249
10 20 14169
10 21 8022
10 22 2874
10 23 948
10 24 309
11 15 24
11 16 255
11 17 1542
11 18 5289
11 19 13926
11 20 22428
11 21 26724
11 22 20886
11 23 8580
11 24 2526
11 25 1044
11 26 249
12 15 2
12 16 117
12 17 801
12 18 4615
12 19 14700
12 20 34470
12 21 51064
12 22 46371
12 23 30624
12 24 15096
12 25 5940
12 26 2478
12 27 1020
12 28 135
13 16 27
13 17 426
13 18 2858
13 19 12492
13 20 35313
13 21 62296
13 22 88908
13 23 84336
13 24 49175
13 25 14502
13 26 3720
13 27 4110
13 28 2640
13 29 666
13 30 45
14 16 3
14 17 168
14 18 1524
14 19 8673
14 20 27711
14 21 67284
14 22 110244
14 23 133479
14 24 119928
14 25 81156
14 26 36528
14 27 8556
14 28 6720
14 29 5460
14 30 2016
14 31 252
14 32 6
15 17 42
15 18 759
15 19 5774
15 20 28611
15 21 83618
15 22 161506
15 23 207282
15 24 213558
15 25 165900
15 26 88056
15 27 42132
15 28 19320
15 29 10206
15 30 9870
15 31 4746
15 32 882
15 33 42
16 17 6
16 18 290
16 19 3147
16 20 18036
16 21 62743
16 22 145500
16 23 250782
16 24 318606
16 25 245208
16 26 168159
16 27 64974
16 28 7449
16 29 8928
16 30 14700
16 31 16296
16 32 9576
16 33 2352
16 34 168
17 18 87
17 19 1458
17 20 11154
17 21 51120
17 22 162204
17 23 341916
17 24 460377
17 25 505290
17 26 385077
17 27 238326
17 28 127920
17 29 37398
17 30 11484
17 31 20340
17 32 25200
17 33 17388
17 34 5292
17 35 504
18 18 14
18 19 613
18 20 6864
18 21 42675
18 22 159513
18 23 381327
18 24 714282
18 25 908634
18 26 830043
18 27 525210
18 28 265794
18 29 156444
18 30 86028
18 31 14460
18 32 27270
18 33 37080
18 34 29232
18 35 10584
18 36 1260
19 18 1
19 19 198
19 20 3273
19 21 22258
19 22 79773
19 23 221988
19 24 453672
19 25 725574
19 26 925458
19 27 829446
19 28 561504
19 29 147708
19 30 19275
19 31 7944
19 32 16500
19 33 24090
19 34 17820
19 35 4752
20 19 42
20 20 1449
20 21 14565
20 22 89433
20 23 330006
20 24 804903
20 25 1355244
20 26 1613946
20 27 1369689
20 28 786630
20 29 616377
20 30 434346
20 31 148632
20 32 8190
20 33 10920
20 34 6006
21 19 6
21 20 507
21 21 8292
21 22 58504
21 23 230898
21 24 595555
21 25 1138614
21 26 1697370
21 27 1899736
21 28 1825695
21 29 1023738
21 30 504906
21 31 477432
21 32 304356
21 33 3360
22 20 147
22 21 3685
22 22 31134
22 23 149367
22 24 504084
22 25 1232133
22 26 2101932
22 27 2577893
22 28 1795119
22 29 1036542
22 30 936974
22 31 409188
22 32 61953
23 20 27
23 21 1488
23 22 17907
23 23 122730
23 24 525615
23 25 1452438
23 26 2948037
23 27 4163616
23 28 4792206
23 29 3489840
23 30 1391292
23 31 1012836
23 32 1151592
23 33 475152
24 20 3
24 21 496
24 22 10574
24 23 85626
24 24 360473
24 25 1015152
24 26 2018727
24 27 3353943
24 28 4175860
24 29 3828432
24 30 2862948
24 31 1372242
24 32 1087020
24 33 1182192
24 34 875604
25 21 128
25 22 4614
25 23 44436
25 24 252042
25 25 948444
25 26 2572839
25 27 4674814
25 28 5564982
25 29 4717638
25 30 2661090
25 31 1969440
25 32 926982
25 33 952566
25 34 178770
26 21 24
26 22 1743
26 23 22437
26 24 154962
26 25 698205
26 26 2097489
26 27 4532832
26 28 7662357
26 29 8859123
26 30 7195128
26 31 2292966
26 32 2162292
26 33 1970685
26 34 2593332
26 35 1263192
27 21 2
27 22 579
27 23 15072
27 24 142333
27 25 717038
27 26 2350854
27 27 5643998
27 28 9566097
27 29 11752002
27 30 8580693
27 31 5734644
27 32 3020823
27 33 1269288
27 34 2080992
27 35 2537376
27 36 2139540
28 22 147
28 23 6429
28 24 64199
28 25 338934
28 26 1250868
28 27 3377010
28 28 7405746
28 29 12312711
28 30 16980897
28 31 13089168
28 32 3429906
28 33 2723070
28 34 1663710
28 35 1958244
28 36 442653
29 22 27
29 23 2454
29 24 32382
29 25 241878
29 26 1134828
29 27 3600240
29 28 7783041
29 29 12573570
29 30 14427054
29 31 13096548
29 32 13961124
29 33 4480974
29 34 523776
29 35 166656
30 22 3
30 23 798
30 24 21539
30 25 216738
30 26 1200426
30 27 4209792
30 28 10571043
30 29 18163521
30 30 22162134
30 31 19534914
30 32 8527890
30 33 6235706
30 34 3111900
31 23 216
31 24 10298
31 25 110256
31 26 596730
31 27 2158578
31 28 5413983
31 29 10314162
31 30 15101856
31 31 14090562
31 32 13720608
31 33 8968212
31 34 6644904
32 23 42
32 24 4014
32 25 54075
32 26 417882
32 27 2119890
32 28 7550688
32 29 19121064
32 30 32551524
32 31 38478924
32 32 23208306
32 33 9031218
32 34 7383702
32 35 4760592
33 23 6
33 24 1341
33 25 27614
33 26 265734
33 27 1523090
33 28 5795611
33 29 15301326
33 30 30403831
33 31 43768716
33 32 51617577
33 33 36393894
33 34 12903534
33 35 10205148
34 24 392
34 25 18981
34 26 222435
34 27 1330906
34 28 5039670
34 29 13519458
34 30 25706559
34 31 34570278
34 32 25950354
34 33 18863232
34 34 28082778
34 35 10827732
34 36 7161756
35 24 87
35 25 7554
35 26 95844
35 27 642822
35 28 2986992
35 29 10278300
35 30 27158280
35 31 51517164
35 32 69878274
35 33 56212014
35 34 10666326
35 35 18124656
35 36 15220716
36 24 14
36 25 2701
36 26 47007
36 27 430509
36 28 2471670
36 29 9609894
36 30 25790932
36 31 50000586
36 32 67940772
36 33 59533198
36 34 53554920
36 35 14762796
36 36 8070384
37 24 1
37 25 840
37 26 28899
37 27 343998
37 28 2197695
37 29 8774016
37 30 24704502
37 31 48758670
37 32 71658666
37 33 72426210
37 34 35189394
37 35 1784652
38 25 216
38 26 16356
38 27 216150
38 28 1422600
38 29 6105948
38 30 18381720
38 31 41945877
38 32 72060885
38 33 92028306
38 34 98721213
38 35 72388974
39 25 42
39 26 6222
39 27 101302
39 28 894408
39 29 5092512
39 30 20064795
39 31 54617040
39 32 98318862
39 33 113448072
39 34 68314308
39 35 43964016
39 36 44937258
40 25 6
40 26 2085
40 27 38599
40 28 368334
40 29 2270844
40 30 9619733
40 31 29140458
40 32 66973806
40 33 110789698
40 34 128228580
40 35 44482764
41 26 621
41 27 31902
41 28 445863
41 29 3236676
41 30 14908446
41 31 48001632
41 32 108125115
41 33 169938360
41 34 141626205
41 35 85475328
41 36 47694120
42 26 147
42 27 16029
42 28 237766
42 29 1773582
42 30 8600715
42 31 29420066
42 32 75243180
42 33 137519244
42 34 209402562
42 35 222056574
42 36 79961316
43 26 27
43 27 5896
43 28 96948
43 29 836262
43 30 4740443
43 31 19241796
43 32 55350096
43 33 120634860
43 34 168410202
43 35 119038716
43 36 69777696
44 26 3
44 27 1938
44 28 49695
44 29 599079
44 30 4386966
44 31 21077979
44 32 72977244
44 33 169840005
44 34 271639656
44 35 251977452
44 36 75803232
45 27 556
45 28 32483
45 29 490152
45 30 3738876
45 31 18043344
45 32 57170622
45 33 125406660
45 34 189427968
45 35 182221410
45 36 177752880
46 27 128
46 28 18192
46 29 299892
46 30 2516608
46 31 13373301
46 32 50466546
46 33 137714145
46 34 252199047
46 35 277345158
46 36 60504756
47 27 24
47 28 6576
47 29 112980
47 30 981249
47 31 5788230
47 32 25369023
47 33 82310352
47 34 201413238
47 35 322460580
47 36 345885048
48 27 2
48 28 2181
48 29 64041
48 30 866706
48 31 6909454
48 32 35664618
48 33 126231924
48 34 296064048
48 35 456315114
48 36 252439122
49 28 621
49 29 32922
49 30 509206
49 31 4042098
49 32 19679340
49 33 61208430
49 34 120119442
49 35 109694808
50 28 147
50 29 23937
50 30 424005
50 31 3714966
50 32 20436702
50 33 78007404
50 34 205678296
50 35 363638616
50 36 323267916
51 28 27
51 29 8790
51 30 176944
51 31 1797272
51 32 11801184
51 33 52262672
51 34 160202058
51 35 299766114
51 36 309880758
52 28 3
52 29 2940
52 30 68870
52 31 795210
52 32 5533224
52 33 25151340
52 34 71794080
52 35 126697086
52 36 105994287
53 29 864
53 30 43020
53 31 685764
53 32 5750310
53 33 29166246
53 34 97228686
53 35 200748720
53 36 240406572
54 29 216
54 30 31466
54 31 567186
54 32 4832856
54 33 24802714
54 34 80933478
54 35 169581510
54 36 181130422
55 29 42
55 30 13832
55 31 239964
55 32 1921134
55 33 8852088
55 34 25764924
55 35 42244062
55 36 25543618
56 29 6
56 30 4746
56 31 76431
56 32 531630
56 33 2082393
56 34 4341498
56 35 3200385
57 30 1479
57 31 20696
57 32 122649
57 33 346698
57 34 324573
58 30 392
58 31 4683
58 32 20184
58 33 25599
59 30 87
59 31 762
59 32 1473
60 30 14
60 31 55
61 30 1
