# perimeter_min lattice=square8 pmax=48 rmax=6 git=6fb3f39
# COMPLETE only for animals with perimeter <= 48 AND area
# deficit i = nmax(p) - n at most 6. Rows outside that domain
# are present but partial -- do not read them as counts.
1 8 1
2 10 2
2 12 2
3 12 6
3 14 8
3 15 4
3 16 2
4 12 1
4 14 18
4 15 8
4 16 28
4 17 21
4 18 12
5 14 8
5 15 4
5 16 55
5 17 60
5 18 44
5 19 12
5 20 21
5 21 12
6 14 2
6 16 40
6 17 58
6 18 186
6 19 300
6 20 330
6 21 120
6 22 60
6 23 40
6 24 22
7 16 22
7 17 20
7 18 170
7 19 404
7 20 422
7 21 240
7 22 176
7 23 144
7 24 40
8 16 6
8 17 5
8 18 130
8 19 288
8 20 328
8 21 224
8 22 320
8 23 216
8 24 228
8 25 264
8 26 240
8 27 64
9 16 1
9 18 72
9 19 152
9 20 412
9 21 1148
9 22 1872
9 23 1736
9 24 1604
9 25 992
9 26 448
9 27 32
10 18 30
10 19 48
10 20 506
10 21 1654
10 22 2630
10 23 3288
10 24 2344
10 25 1634
10 26 1060
10 27 992
10 28 1208
10 29 584
10 30 52
11 18 8
11 19 16
11 20 298
11 21 972
11 22 1792
11 23 1740
11 24 1548
11 25 892
11 26 680
11 27 1304
11 28 1138
11 29 240
12 18 2
12 20 151
12 21 524
12 22 1120
12 23 2564
12 24 4859
12 25 6840
12 26 8804
12 27 5800
12 28 3800
12 29 2472
12 30 3850
12 31 2672
12 32 464
13 20 68
13 21 192
13 22 530
13 23 1380
13 24 2712
13 25 4744
13 26 4136
13 27 3220
13 28 1100
13 29 2672
13 30 3044
13 31 960
13 32 2
14 20 22
14 21 62
14 22 886
14 23 4040
14 24 10336
14 25 16364
14 26 18376
14 27 14908
14 28 12214
14 29 2128
14 30 2588
14 31 4896
14 32 9360
14 33 8472
14 34 2182
15 20 6
15 21 12
15 22 448
15 23 2224
15 24 5620
15 25 10300
15 26 16226
15 27 24904
15 28 27446
15 29 21516
15 30 15938
15 31 4728
15 32 6648
15 33 2784
15 36 2
16 20 1
16 22 218
16 23 1000
16 24 2464
16 25 4478
16 26 8282
16 27 10448
16 28 10876
16 29 9898
16 30 1412
16 31 3416
16 32 4356
16 33 8456
16 34 19200
16 35 21408
16 36 7296
16 38 2
17 22 88
17 23 380
17 24 866
17 25 1916
17 26 2596
17 27 3732
17 28 4356
17 29 216
17 30 848
17 31 1248
17 32 2228
17 33 7600
17 34 12700
17 35 6624
17 40 2
18 22 30
18 23 112
18 24 1076
18 25 5624
18 26 18646
18 27 43986
18 28 73862
18 29 101864
18 30 130800
18 31 64104
18 32 55554
18 33 5136
18 34 6908
18 35 13344
18 36 35080
18 37 46440
18 38 19700
18 42 2
19 22 8
19 23 32
19 24 894
19 25 5880
19 26 20358
19 27 42872
19 28 70834
19 29 94844
19 30 71068
19 31 26320
19 32 1092
19 33 1756
19 34 2936
19 35 11416
19 36 22080
19 37 13776
19 44 2
20 22 2
20 24 426
20 25 2827
20 26 8666
20 27 18280
20 28 29032
20 29 25643
20 30 9086
20 31 136
20 32 320
20 33 376
20 34 2380
20 35 7352
20 36 10468
20 37 19752
20 38 58968
20 39 90320
20 40 45840
20 46 2
21 24 187
21 25 1108
21 26 3344
21 27 6668
21 28 7457
21 29 6020
21 30 20000
21 31 61356
21 32 137966
21 33 158176
21 34 156210
21 35 2392
21 36 3740
21 37 16304
21 38 35796
21 39 25984
21 48 2
22 24 68
22 25 390
22 26 1896
22 27 8306
22 28 29980
22 29 86050
22 30 168032
22 31 244248
22 32 287390
22 33 59418
22 34 392
22 35 424
22 36 2960
22 37 10128
22 38 15292
22 39 27872
22 40 93088
22 41 161848
22 42 95620
23 24 22
23 25 116
23 26 626
23 27 3456
23 28 14426
23 29 36800
23 30 64852
23 31 91292
23 32 16870
23 33 40
23 34 24
23 35 312
23 36 1676
23 37 3172
23 38 4640
23 39 22392
23 40 54984
23 41 45504
24 24 6
24 25 21
24 26 1196
24 27 10448
24 28 45294
24 29 122640
24 30 256120
24 31 354336
24 32 449590
24 33 98432
24 34 254880
24 35 337968
24 36 376948
24 37 472
24 38 3604
24 39 13528
24 40 21668
24 41 37896
24 42 139920
24 43 272128
24 44 183424
25 24 1
25 26 560
25 27 4744
25 28 18956
25 29 51584
25 30 87374
25 31 128968
25 32 14608
25 33 51000
25 34 86752
25 35 119396
25 36 24
25 37 344
25 38 2016
25 39 4112
25 40 5636
25 41 29808
25 42 80908
25 43 75168
26 26 238
26 27 1864
26 28 8216
26 29 24922
26 30 73970
26 31 153176
26 32 346464
26 33 551480
26 34 721974
26 36 16
26 37 184
26 38 560
26 39 520
26 40 4312
26 41 17616
26 42 29916
26 43 50016
26 44 202200
26 45 434824
26 46 329268
27 26 88
27 27 680
27 28 2630
27 29 9356
27 30 21088
27 31 62940
27 32 124560
27 33 199256
27 34 36510
27 35 147880
27 36 432822
27 37 651056
27 38 810902
27 39 376
27 40 2388
27 41 5228
27 42 6728
27 43 38680
27 44 114960
27 45 118448
28 26 30
28 27 192
28 28 840
28 29 1864
28 30 8208
28 31 21288
28 32 41216
28 33 3154
28 34 19028
28 35 74872
28 36 143782
28 37 219884
28 38 16
28 39 200
28 40 656
28 41 568
28 42 5084
28 43 22456
28 44 40388
28 45 64424
28 46 282920
28 47 666416
28 48 560080
29 26 8
29 27 52
29 28 1112
29 29 11968
29 30 65302
29 31 220820
29 32 549610
29 33 973848
29 34 1399794
29 35 23896
29 36 46090
29 38 8
29 39 52
29 40 24
29 41 408
29 42 2792
29 43 6536
29 44 7916
29 45 49136
29 46 158660
29 47 179520
30 26 2
30 28 1054
30 29 11598
30 30 61594
30 31 218852
30 32 575806
30 33 1163124
30 34 1508944
30 35 1179246
30 36 1750244
30 37 211392
30 38 689722
30 39 1159728
30 40 1594630
30 41 216
30 42 760
30 43 616
30 44 5920
30 45 28112
30 46 53468
30 47 81312
30 48 385328
30 49 986456
30 50 911108
31 28 470
31 29 4848
31 30 24948
31 31 84052
31 32 202962
31 33 296304
31 34 224888
31 35 394496
31 36 24024
31 37 105164
31 38 224936
31 39 378304
31 40 8
31 41 56
31 42 24
31 43 440
31 44 3228
31 45 8052
31 46 9200
31 47 61304
31 48 213656
31 49 263328
32 28 187
32 29 1856
32 30 8998
32 31 27578
32 32 46736
32 33 32990
32 34 71228
32 35 1768
32 36 11508
32 37 33144
32 38 70172
32 40 2
32 42 16
32 43 232
32 44 872
32 45 664
32 46 6820
32 47 34648
32 48 69572
32 49 100872
32 50 512928
32 51 1417824
32 52 1427456
33 28 68
33 29 632
33 30 2758
33 31 5748
33 32 3502
33 33 9892
33 34 64
33 35 812
33 36 3896
33 37 16420
33 38 57852
33 39 290696
33 40 1045778
33 41 1942800
33 42 2920688
33 43 60
33 44 24
33 45 472
33 46 3696
33 47 9792
33 48 10580
33 49 75312
33 50 281724
33 51 375648
34 28 22
34 29 182
34 30 1556
34 31 13920
34 32 92896
34 33 381524
34 34 1194274
34 35 2662304
34 36 4861662
34 37 2287934
34 38 3743000
34 39 142632
34 40 336152
34 41 616428
34 42 2
34 44 16
34 45 248
34 46 992
34 47 712
34 48 7784
34 49 42128
34 50 89148
34 51 123296
34 52 669480
34 53 1986984
34 54 2165748
35 28 6
35 29 32
35 30 488
35 31 6332
35 32 38108
35 33 154500
35 34 416392
35 35 888728
35 36 379046
35 37 738600
35 38 14048
35 39 44504
35 40 102600
35 44 8
35 45 64
35 46 24
35 47 504
35 48 4196
35 49 11772
35 50 12056
35 51 91288
35 52 364768
35 53 523152
36 28 1
36 30 1332
36 31 17832
36 32 117764
36 33 498000
36 34 1555214
36 35 3134200
36 36 5452176
36 37 896
36 38 4644
36 39 20280
36 40 70332
36 41 387520
36 42 1523452
36 43 3097640
36 44 5052112
36 46 16
36 47 264
36 48 1120
36 49 760
36 50 8764
36 51 49424
36 52 96060
37 30 584
37 31 7580
37 32 47320
37 33 193868
37 34 483904
37 35 1001316
37 36 28
37 37 264
37 38 1422
37 39 4360
37 40 35744
37 41 188032
37 42 484016
37 43 960932
37 46 8
37 47 68
37 48 24
37 49 536
37 50 4688
37 51 12992
38 30 238
38 31 2920
38 32 17616
38 33 57980
38 34 148706
38 35 13368
38 36 107776
38 37 551530
38 38 1818688
38 39 4127944
38 40 7405334
38 41 58192
38 42 145102
38 46 2
38 48 16
38 49 280
38 50 1224
39 30 88
39 31 1040
39 32 6100
39 33 32996
39 34 125188
39 35 592752
39 36 2067090
39 37 4935224
39 38 9324656
39 39 1292584
39 40 5464
39 41 24752
39 42 84018
39 43 503592
39 44 2147474
39 45 4742184
39 46 8337042
39 48 8
39 49 72
40 30 30
40 31 288
40 32 1888
40 33 7318
40 34 51206
40 35 234036
40 36 688300
40 37 1544610
40 38 181466
40 39 288
40 40 1638
40 41 4762
40 42 42468
40 43 242120
40 44 675764
40 45 1443838
40 48 2
41 30 8
41 31 76
41 32 210
41 33 2888
41 34 19416
41 35 74912
41 36 206976
41 37 19724
41 38 8
41 39 76
41 40 134
41 41 2344
41 42 19884
41 43 74424
41 44 199568
42 30 2
42 32 1200
42 33 19420
42 34 152472
42 35 768936
42 36 2774560
42 37 6973440
42 38 13911234
42 39 766880
42 40 2799640
42 41 6996512
42 42 13688876
42 43 29890
42 44 98910
42 45 640640
42 46 2944844
42 47 7016832
42 48 13225242
43 32 1106
43 33 17664
43 34 138734
43 35 696172
43 36 2442494
43 37 6087072
43 38 8021768
43 39 294168
43 40 913860
43 41 2139120
43 42 1872
43 43 5164
43 44 49768
43 45 305652
43 46 919280
43 47 2103000
44 32 470
44 33 7279
44 34 55122
44 35 268676
44 36 935318
44 37 2084879
44 38 3413754
44 39 8994116
44 40 18561086
44 41 82
44 42 134
44 43 2536
44 44 23180
44 45 93416
44 46 268050
45 32 187
45 33 2740
45 34 19248
45 35 84624
45 36 214735
45 37 340556
45 38 1111636
45 39 2735572
45 40 2
45 42 64
45 43 1148
45 44 7320
45 45 35748
45 46 115008
45 47 800392
45 48 3944830
45 49 10086392
45 50 20286086
46 32 68
46 33 918
46 34 5726
46 35 17462
46 36 24924
46 37 107332
46 38 327518
46 39 16632
46 40 165208
46 41 1031932
46 42 4130938
46 43 11271904
46 44 23911382
46 45 5566
46 46 57644
46 47 379384
46 48 1223096
46 49 2982590
47 32 22
47 33 260
47 34 1070
47 35 1192
47 36 7604
47 37 30412
47 38 408
47 39 7976
47 40 73884
47 41 392376
47 42 1331452
47 43 3380772
47 44 134
47 45 2728
47 46 26728
47 47 115384
47 48 352762
48 32 6
48 33 45
48 34 1148
48 35 21744
48 36 199518
48 37 1158252
48 38 4904700
48 39 13995720
48 40 31228168
48 41 122836
48 42 387176
48 44 64
48 45 1232
48 46 8356
48 47 42380
48 48 132312
48 49 984576
48 50 5178968
48 51 14142024
48 52 30228000
49 32 1
49 34 512
49 35 9280
49 36 80972
49 37 467184
49 38 1787642
49 39 5442200
49 40 5374268
49 41 15651724
49 42 35333700
49 44 28
49 45 360
49 46 2394
49 47 5968
49 48 66096
49 49 464072
49 50 1596392
49 51 4133584
50 34 1360
50 35 25984
50 36 246304
50 37 1470746
50 38 6369518
50 39 17768428
50 40 41782950
50 41 4671590
50 42 198488
50 43 1351736
50 44 5887124
50 45 17415814
50 46 39823706
50 47 2920
50 48 30528
50 49 140544
50 50 456080
51 34 584
51 35 10912
51 36 96498
51 37 550124
51 38 1898944
51 39 5304588
51 40 498296
51 41 8736
51 42 88296
51 43 510264
51 44 1877746
51 45 5141168
51 46 64
51 47 1316
51 48 9464
51 49 49840
51 50 150822
51 51 1194920
51 52 6681062
51 53 19403184
51 54 43919358
52 34 238
52 35 4152
52 36 34998
52 37 159344
52 38 549132
52 39 41610
52 40 190
52 41 3784
52 42 32540
52 43 158512
52 44 539094
52 46 28
52 47 384
52 48 2682
52 49 6370
52 50 75124
52 51 560472
52 52 2048996
52 53 5614248
53 34 88
53 35 1460
53 36 9856
53 37 44556
53 38 2550
53 40 80
53 41 1360
53 42 9840
53 43 44152
53 46 8
53 47 100
53 48 134
53 49 3112
53 50 34580
53 51 169112
53 52 580542
54 34 30
54 35 400
54 36 3780
54 37 24518
54 38 256992
54 39 1720360
54 40 8334696
54 41 27515596
54 42 72109254
54 43 25897608
54 44 64154322
54 45 1731412
54 46 8149924
54 47 25980608
54 48 63710566
54 49 1400
54 50 10260
54 51 46750
55 34 8
55 35 104
55 36 506
55 37 10448
55 38 103344
55 39 656812
55 40 2667676
55 41 8232236
55 42 2569424
55 43 7589064
55 44 103988
55 45 649624
55 46 2576732
55 47 7567748
55 48 28
55 49 408
55 50 2756
56 34 2
56 36 210
56 37 4088
56 38 38306
56 39 204032
56 40 770586
56 41 200132
56 42 732450
56 43 4104
56 44 38168
56 45 200492
56 46 731822
56 48 8
56 49 106
57 36 1228
57 37 27376
57 38 299454
57 39 2074952
57 40 10143616
57 41 34174428
57 42 89016728
57 43 1472
57 44 11492
57 45 55388
57 48 2
58 36 1106
58 37 24714
58 38 267962
58 39 1832232
58 40 8651092
58 41 28610800
58 42 49484142
58 43 432
58 44 3880
58 45 21528
58 46 274168
58 47 2176080
58 48 11008224
58 49 37618264
58 50 98482544
59 36 470
59 37 10084
59 38 102452
59 39 639636
59 40 2626600
59 41 5455480
59 42 311992
59 43 2262040
59 44 11755176
59 45 40938328
59 46 109713076
59 47 812248
59 48 3454456
59 49 10833512
60 36 187
60 37 3760
60 38 35998
60 39 216662
60 40 809013
60 41 2392626
60 42 12707928
60 43 45383228
60 44 125231168
60 45 11824224
60 46 44244
60 47 249288
60 48 972078
61 36 68
61 37 1248
61 38 10554
61 39 45908
61 40 128878
61 41 903096
61 42 3996592
61 43 13129540
61 44 1041022
61 45 1584
61 46 13272
61 47 68384
62 36 22
62 37 350
62 38 1980
62 39 4568
62 40 47448
62 41 277288
62 42 1126834
62 43 71932
62 44 28
62 45 464
62 46 4340
62 47 23160
62 48 316568
62 49 2690860
62 50 14558086
62 51 53088240
62 52 147785122
63 36 6
63 37 60
63 38 80
63 39 1640
63 40 14224
63 41 76068
63 42 3660
63 44 8
63 45 120
63 46 408
63 47 11016
63 48 139212
63 49 999928
63 50 4539012
63 51 15139196
64 36 1
64 38 1176
64 39 29912
64 40 373876
64 41 2923694
64 42 16469886
64 43 62072040
64 44 180363078
64 45 2933236
64 46 16529448
64 47 62280300
64 48 179737474
64 49 305412
64 50 1267094
65 38 512
65 39 12672
65 40 147422
65 41 1098032
65 42 5141104
65 43 17801200
65 44 147596
65 45 1100252
65 46 5153436
65 47 17775168
65 48 15180
65 49 83268
66 38 1360
66 39 35328
66 40 450608
66 41 3589136
66 42 20553572
66 43 75893084
66 44 235813798
66 45 73124844
66 46 218278468
66 47 496
66 48 4832
66 49 24792
66 50 362008
66 51 3280872
66 52 18902740
66 53 73265800
66 54 216110252
67 38 584
67 39 14720
67 40 173944
67 41 1312420
67 42 5984964
67 43 21968364
67 44 5850524
67 45 20840868
67 46 8
67 47 128
67 48 408
67 49 11776
67 50 158744
67 51 1214456
67 52 5860544
67 53 20715232
68 38 238
68 39 5560
68 40 62128
68 41 373260
68 42 1683598
68 43 368960
68 44 1629956
68 46 2
68 48 190
68 49 5064
68 50 57740
68 51 369376
68 52 1624614
69 38 88
69 39 1940
69 40 17276
69 41 101996
69 42 17208
69 43 100316
69 44 1032
69 45 30480
69 46 437086
69 47 3725504
69 48 22626716
69 49 91716272
69 50 283697450
69 51 100168
70 38 30
70 39 528
70 40 4584
70 41 528
70 42 4558
70 44 480
70 45 13618
70 46 172912
70 47 1389960
70 48 7006944
70 49 25914312
70 50 4556
71 38 8
71 39 136
71 40 1156
71 41 33096
71 42 462568
71 43 4065720
71 44 25393162
71 45 105825184
71 46 337931892
71 47 422136
71 48 1939494
71 49 136
72 38 2
72 40 506
72 41 14018
72 42 184512
72 43 1549232
72 44 8330854
72 45 34181588
72 46 26968366
72 47 113961022
72 48 367575334
73 40 210
73 41 5448
73 42 67472
73 43 474036
73 44 2362460
73 45 1584552
73 46 8326986
73 47 32089664
74 40 1228
74 41 36420
74 42 525382
74 43 4762192
74 44 30211980
74 45 131261106
74 46 436589636
74 47 32880
74 48 507512
74 49 4648732
74 50 30270902
74 51 131351096
74 52 433572650
75 40 1106
75 41 32704
75 42 465262
75 43 4140644
75 44 25246936
75 45 106991564
75 46 235558316
75 47 14668
75 48 200228
75 49 1726468
75 50 9320136
75 51 36793936
76 40 470
76 41 13263
76 42 175756
76 43 1419564
76 44 7475336
76 45 19693555
76 46 210
76 47 5688
76 48 72956
76 49 522084
76 50 2561598
77 40 187
77 41 4916
77 42 59120
77 43 412164
77 44 1351507
77 46 80
77 47 2032
77 48 21660
77 49 140540
78 40 68
78 41 1622
78 42 17970
78 43 109614
78 44 566460
78 45 5508476
78 46 38093154
78 47 176874988
78 48 634832982
78 49 171623904
78 50 596969448
79 40 22
79 41 452
79 42 3430
79 43 15488
79 44 223788
79 45 2043304
79 46 11744332
79 47 49958732
79 48 11531912
79 49 47953232
79 50 583188
79 51 5712920
79 52 39703556
79 53 183628752
79 54 644299404
80 40 6
80 41 77
80 42 210
80 43 6008
80 44 81422
80 45 617748
80 46 3240410
80 47 612024
80 48 3159352
80 49 15718
80 50 229544
80 51 2113276
80 52 12163316
80 53 51053378
81 40 1
81 42 80
81 43 2144
81 44 24148
81 45 166412
81 46 24072
81 47 164264
81 48 210
81 49 6088
81 50 83416
81 51 636672
81 52 3322520
82 42 1176
82 43 39128
82 44 634900
82 45 6402092
82 46 46140970
82 47 221248396
82 48 808586834
82 49 2172
82 50 24704
82 51 170576
83 42 512
83 43 16488
83 44 247804
83 45 2365800
83 46 14114836
83 47 61577108
83 48 28
83 49 632
83 50 6480
84 42 1360
84 43 45840
84 44 751376
84 45 7615176
84 46 54811816
84 47 250229392
84 48 936257718
84 49 6914982
84 50 51071150
84 51 250770904
84 52 934886818
85 42 584
85 43 19004
85 44 288292
85 45 2778340
85 46 16243930
85 47 76663736
85 48 53823526
85 49 268607952
85 50 1020293650
85 51 69450668
86 42 238
86 43 7144
86 44 101972
86 45 782626
86 46 4510120
86 47 2650340
86 48 16437216
86 49 74472726
86 50 4242158
87 42 88
87 43 2480
87 44 28142
87 45 211196
87 46 96908
87 47 796224
87 48 4475050
87 49 204620
88 42 30
88 43 672
88 44 7390
88 45 2340
88 46 28636
88 47 212606
88 48 7310
89 42 8
89 43 172
89 44 28
89 45 680
89 46 7490
89 47 172
90 42 2
90 44 1156
90 45 42710
90 46 765294
90 47 8571704
90 48 67775040
90 49 356041656
90 50 1420631304
90 51 8584048
90 52 67908136
90 53 356729672
90 54 1418987096
91 44 506
91 45 18008
91 46 300736
91 47 3151672
91 48 20605664
91 49 98155032
91 50 300888
91 51 3154968
91 52 20632336
91 53 98106392
92 44 210
92 45 6968
92 46 109956
92 47 987376
92 48 6385314
92 49 9193468
92 50 74365330
92 51 399490544
92 52 1626835370
93 44 1228
93 45 46528
93 46 852538
93 47 9764428
93 48 77872748
93 49 424054096
93 50 1753848990
93 51 109789900
94 44 1106
94 45 41634
94 46 749754
94 47 8401080
94 48 64169186
94 49 338764446
94 50 929565184
95 44 470
95 45 16816
95 46 280956
95 47 2845748
95 48 18683462
95 49 61273572
96 44 187
96 45 6208
96 46 93748
96 47 815778
96 48 3328112
97 44 68
97 45 2040
97 46 26446
97 47 143040
98 44 22
98 45 566
98 46 5710
98 47 46568
98 48 915472
98 49 11183988
98 50 96255598
98 51 549598964
98 52 2375381918
99 44 6
99 45 96
99 46 504
99 47 19688
99 48 359944
99 49 4142024
99 50 30046912
99 51 161847988
99 52 100433204
99 53 579210336
99 54 2525090200
100 44 1
100 46 210
100 47 7608
100 48 129956
100 49 1241406
100 50 8203138
100 51 4226232
100 52 30349744
100 53 158116346
101 46 80
101 47 2704
101 48 38286
101 49 331028
101 50 132176
101 51 1259952
101 52 8159610
102 46 1176
102 47 49368
102 48 1005464
102 49 12667872
102 50 113461826
102 51 673860400
102 52 3024898390
103 46 512
103 47 20728
103 48 389736
103 49 4629888
103 50 34239248
103 51 183624788
104 46 1360
104 47 57520
104 48 1177194
104 49 14831234
104 50 132011810
104 51 743364008
104 52 3401338186
105 46 584
105 47 23764
105 48 446906
105 49 5276932
105 50 37027504
105 51 202369376
106 46 238
106 47 8904
106 48 157956
106 49 1512484
106 50 11008320
106 51 14279280
106 52 132889124
106 53 819505664
106 54 3815277448
107 46 88
107 47 3080
107 48 43404
107 49 407148
107 50 421976
107 51 5209816
107 52 40013552
107 53 222592184
108 46 30
108 47 832
108 48 11340
108 49 8248
108 50 151888
108 51 1548912
108 52 10711502
109 46 8
109 47 212
109 48 80
109 49 2928
109 50 44576
109 51 408248
110 46 2
110 48 28
110 49 848
110 50 11556
111 48 1156
111 49 53336
111 50 1188032
111 51 16472440
111 52 160486504
111 53 1035512552
111 54 5039493864
112 48 506
112 49 22418
112 50 464016
112 51 5998816
112 52 48212392
112 53 280348816
113 48 210
113 49 8648
113 50 166808
113 51 1780352
113 52 12870472
114 48 1228
114 49 57700
114 50 1304812
114 51 18358720
114 52 178986444
114 53 1185539680
114 54 5919619936
115 48 1106
115 49 51504
115 50 1142338
115 51 15698828
115 52 146448482
115 53 939997864
115 54 3119998724
116 48 470
116 49 20743
116 50 425640
116 51 5271996
116 52 42128658
116 53 167345401
117 48 187
117 49 7636
117 50 141208
117 51 1497504
117 52 7410073
118 48 68
118 49 2502
118 50 39588
118 51 260098
119 48 22
119 49 692
119 50 6786
120 48 6
120 49 117
121 48 1
