# perimeter_min lattice=square4 pmax=24 rmax=6 git=167dd4e-dirty
# COMPLETE only for animals with perimeter <= 24 AND area
# deficit i = nmax(p) - n at most 6. Rows outside that domain
# are present but partial -- do not read them as counts.
1 4 1
2 6 2
3 7 4
3 8 2
4 8 9
4 9 8
4 10 2
5 8 1
5 9 20
5 10 28
5 11 12
6 9 4
6 10 54
6 11 80
6 12 44
6 13 8
7 10 22
7 11 136
7 12 252
7 13 124
7 14 16
8 10 4
8 11 80
8 12 388
8 13 473
8 14 220
8 15 72
9 11 28
9 12 291
9 13 1152
9 14 1292
9 15 500
9 16 53
9 17 4
10 11 4
10 12 154
10 13 986
10 14 1996
10 15 1612
10 16 756
10 17 176
10 18 12
11 12 52
11 13 644
11 14 1986
11 15 2992
11 16 2172
11 17 612
11 18 108
11 19 24
11 20 4
12 12 9
12 13 325
12 14 2644
12 15 6926
12 16 7552
12 17 4716
12 18 1766
12 19 400
12 20 56
12 21 8
13 12 1
13 13 112
13 14 1660
13 15 4564
13 16 5872
13 17 4436
13 18 1998
13 19 628
13 20 172
13 21 36
13 22 4
14 13 28
14 14 828
14 15 3996
14 16 10544
14 17 16076
14 18 13866
14 19 7596
14 20 2324
14 21 400
14 22 88
14 23 8
15 13 4
15 14 332
15 15 4608
15 16 15804
15 17 25924
15 18 22500
15 19 12616
15 20 3832
15 21 1424
15 22 572
15 23 164
15 24 16
16 14 106
16 15 2406
16 16 9656
16 17 19944
16 18 29526
16 19 28884
16 20 20234
16 21 7752
16 22 1852
16 23 440
16 24 88
16 25 8
17 14 22
17 15 1104
17 16 5262
17 17 15260
17 18 25790
17 19 29336
17 20 18964
17 21 7012
17 22 3024
17 23 1680
17 24 688
17 25 112
17 26 4
18 14 4
18 15 396
18 16 6702
18 17 28354
18 18 61916
18 19 81808
18 20 73702
18 21 49962
18 22 22792
18 23 7408
18 24 3160
18 25 1240
18 26 216
18 27 8
19 15 124
19 16 3982
19 17 20096
19 18 53974
19 19 92048
19 20 104556
19 21 72968
19 22 29070
19 23 7040
19 24 3864
19 25 2152
19 26 680
19 27 108
19 28 4
20 15 28
20 16 1730
20 17 8895
20 18 23722
20 19 41150
20 20 51683
20 21 58616
20 22 60532
20 23 43280
20 24 17252
20 25 6528
20 26 3096
20 27 728
20 28 48
21 15 4
21 16 651
21 17 7144
21 18 34100
21 19 93432
21 20 168091
21 21 200856
21 22 153220
21 23 59644
21 24 9812
21 25 9252
21 26 9692
21 27 5484
21 28 1376
21 29 96
22 16 206
22 17 7632
22 18 44576
22 19 133520
22 20 248770
22 21 309452
22 22 267764
22 23 166590
22 24 99576
22 25 39064
22 26 13048
22 27 7120
22 28 3048
22 29 688
22 30 48
23 16 52
23 17 3332
23 18 19526
23 19 55776
23 20 97358
23 21 111132
23 22 77800
23 23 55508
23 24 31620
23 25 10900
23 26 10340
23 27 13648
23 28 9840
23 29 3072
23 30 292
24 16 9
24 17 1305
24 18 11486
24 19 53624
24 20 165090
24 21 346144
24 22 522928
24 23 519052
24 24 389276
24 25 202844
24 26 79816
24 27 18632
24 28 4488
24 29 720
25 16 1
25 17 440
25 18 7576
25 19 46144
25 20 152136
25 21 321168
25 22 424366
25 23 350244
25 24 158508
25 25 54564
25 26 15744
25 27 3208
25 28 900
26 17 124
26 18 7864
26 19 55010
26 20 193964
26 21 423346
26 22 627146
26 23 684022
26 24 574632
26 25 398760
26 26 314156
26 27 153040
26 28 26412
27 17 28
27 18 3226
27 19 26704
27 20 113810
27 21 320944
27 22 646608
27 23 930816
27 24 854100
27 25 524912
27 26 175398
27 27 25064
28 17 4
28 18 1200
28 19 9900
28 20 41300
28 21 113362
28 22 219688
28 23 262652
28 24 219722
28 25 177458
28 26 325724
28 27 455876
28 28 289204
28 29 59456
29 18 392
29 19 8700
29 20 62776
29 21 249568
29 22 627824
29 23 1157676
29 24 1515062
29 25 1369736
29 26 856640
29 27 409328
29 28 45780
30 18 106
30 19 9462
30 20 84736
30 21 377736
30 22 1088286
30 23 2093362
30 24 2781636
30 25 2130528
30 26 900860
30 27 451256
30 28 707440
30 29 512128
30 30 122240
31 18 22
31 19 3844
31 20 33356
31 21 143884
31 22 375188
31 23 669484
31 24 760628
31 25 706528
31 26 832788
31 27 875476
31 28 419358
31 29 78624
32 18 4
32 19 1388
32 20 15550
32 21 84998
32 22 301520
32 23 724766
32 24 1274206
32 25 1597612
32 26 1364310
32 27 718686
32 28 414836
33 19 456
33 20 7326
33 21 56332
33 22 266656
33 23 874932
33 24 2012660
33 25 3165100
33 26 3182188
33 27 1480604
34 19 124
34 20 11224
34 21 112926
34 22 565538
34 23 1746212
34 24 3551796
34 25 4948192
34 26 3984488
34 27 1974948
34 28 2285880
34 29 1114664
35 19 28
35 20 5682
35 21 57236
35 22 274790
35 23 781436
35 24 1494870
35 25 1632028
35 26 1037950
35 27 571848
35 28 390152
36 19 4
36 20 2122
36 21 26247
36 22 162852
36 23 688926
36 24 2054427
36 25 4625799
36 26 7495898
36 27 7800316
36 28 4441214
36 29 2037520
36 30 802736
37 20 719
37 21 8688
37 22 55248
37 23 221604
37 24 647965
37 25 1347060
37 26 1839782
37 27 1583316
37 28 1755008
37 29 1816440
37 30 1259794
38 20 206
38 21 9296
38 22 97634
38 23 541996
38 24 1873814
38 25 4216178
38 26 6313298
38 27 5070204
38 28 386516
38 29 360690
39 20 52
39 21 10448
39 22 128008
39 23 763500
39 24 2857360
39 25 7386540
39 26 13258742
39 27 14758732
39 28 9265008
39 29 4950680
40 20 9
40 21 4069
40 22 50160
40 23 297612
40 24 1112516
40 25 2824126
40 26 4665838
40 27 5033194
40 28 4717028
41 20 1
41 21 1444
41 22 16852
41 23 93056
41 24 313310
41 25 640140
41 26 800318
41 27 975732
42 21 456
42 22 11698
42 23 119448
42 24 696228
42 25 2694616
42 26 7274560
42 27 13851752
42 28 16813568
42 29 10503768
42 30 8664924
43 21 124
43 22 9016
43 23 118604
43 24 799896
43 25 3388080
43 26 9655514
43 27 18365564
43 28 20414964
43 29 13312768
44 21 28
44 22 9608
44 23 133450
44 24 888570
44 25 3591550
44 26 9770582
44 27 16629882
44 28 17293738
45 21 4
45 22 3646
45 23 48584
45 24 295650
45 25 1085160
45 26 2355194
45 27 3100756
46 22 1276
46 23 22336
46 24 197612
46 25 1117468
46 26 4542760
46 27 12728476
46 28 26725864
46 29 31207204
46 30 9002620
47 22 392
47 23 7152
47 24 65008
47 25 396956
47 26 1610072
47 27 4935968
47 28 9457468
47 29 10128228
47 30 11279470
48 22 106
48 23 9310
48 24 137476
48 25 998978
48 26 4597896
48 27 13720296
48 28 26791682
48 29 28814498
49 22 22
49 23 11028
49 24 171910
49 25 1287448
49 26 5813700
49 27 17404148
49 28 33451380
49 29 31329952
50 22 4
50 23 4160
50 24 69384
50 25 547444
50 26 2718448
50 27 9161358
50 28 20439392
50 29 32321784
50 30 35151248
51 23 1464
51 24 22904
51 25 169848
51 26 766200
51 27 2133920
51 28 4034808
51 29 5529840
52 23 456
52 24 11850
52 25 137690
52 26 939388
52 27 4272180
52 28 13213560
52 29 25212900
52 30 22964912
53 23 124
53 24 6370
53 25 91460
53 26 703474
53 27 3357284
53 28 10669352
53 29 20609216
53 30 27577794
54 23 28
54 24 12504
54 25 221134
54 26 1855414
54 27 9488624
54 28 31989046
54 29 70593276
54 30 76925362
55 23 4
55 24 6126
55 25 105444
55 26 841642
55 27 4026320
55 28 12506508
55 29 21448740
55 30 17979180
56 24 2206
56 25 35371
56 26 255570
56 27 1078380
56 28 2358982
56 29 2450620
57 24 719
57 25 10436
57 26 67136
57 27 199288
57 28 267070
58 24 206
58 25 2688
58 26 12150
58 27 22398
59 24 52
59 25 476
59 26 1358
60 24 9
60 25 53
61 24 1
