# severance_w3_families K=60 emax=1
# produced by experiments/ridgeline_dump_families.py (Python family DP, 395 s on dalby), not by cpp/severance_w3_families; format identical
0 0 0 0 0
0 1 25 5 1
0 2 339 66 13
0 3 4778 919 177
0 4 68314 13103 2515
0 5 981085 187965 36021
0 6 14115141 2703074 517701
0 7 203235615 38911979 7450561
0 8 2927318947 560417094 107291033
0 9 42171167999 8073022573 1545475293
0 10 607573757457 116307837628 22264949345
0 11 8753905341432 1675738797795 320783668749
0 12 126128990442728 24144403733461 4621881666063
0 13 1817328627104215 347883206029277 66593812380721
0 14 26185145165816377 5012497004215068 959518815944913
0 15 377292466968857930 72223212559800015 13825332902978289
0 16 5436284616532012446 1040640183109408207 199204464804214307
0 17 78329750540206058871 14994258768920757285 2870273620718785821
0 18 1128629987957263546269 216047756211150731636 41356898090817272241
0 19 16262098555723413172570 3112968429632491884891 595899274511995668021
0 20 234315859323847121105426 44853856019006422662123 8586138555746771316731
0 21 3376189635847626136421555 646286251540612836090973 123715184295381473667753
0 22 48646546108889001609047967 9312152656382527933068156 1782576452430978202914441
0 23 700934129684215005465344815 134176135033591109691288807 25684632134655064553483885
0 24 10099559064087417623791114931 1933305476154786817882991194 370082500388699890417796193
0 25 145521655122521177073139770213 27856445001381666927495160669 5332412748645742225681713065
0 26 2096779883591108209430874222651 401375543176646538961500299430 76833208877179110693094493781
0 27 30211901432120613487591532957708 5783305355870386954718389917127 1107067720553544015419857321905
0 28 435314644992174165513356516313228 83329992369729904895799637493021 15951422057093566100270837756239
0 29 6272324199023980006805057785099973 1200678023140453488924927232084389 229839477313435485488627168257429
0 30 90376125287313837458001059577060253 17300226196067974399182805398604898 3311691284696434991072303060473941
0 31 1302203739377675844287820260642048775 249274010909247821749815117313911443 47717212475038972264416827671076065
0 32 18763081223335025943405239325710002875 3591717925280220077690448116447851206 687543666287149964668748052949580937
0 33 270351870769140122582631741953006004207 51752036286521332366830438559864869765 9906620036420601909539808467462275005
0 34 3895422780886096599050404254844634979189 745680288903180357419721487444122014364 142741654639519551704434619585907270273
0 35 56128032699539955256570158320135905981386 10744294006659785515244028482336476731675 2056723675318902441493234885133240872725
0 36 808732769729282463093030752572363602780770 154811459314766959670449922182915318930363 29634743183800590401273812287521093165019
0 37 11652799169918388987609694922692050261748107 2230634038963609391450437551711154749812621 426998538569019893828580488879103886691401
0 38 167901850375043841002964356364764289752765915 32140567874602116322156946904699654530569164 6152499814598425148515179244899149509178233
0 39 2419249739787057995309269828942647686249170265 463104249853985171409186718599050671831657687 88649610127418799604796673952318646098100661
0 40 34858277561669259842562099354564917012285092333 6672736681907743253854816309004354641619590608 1277326877305548178288386170382804218841311997
0 41 502262951437679099992679883715883204611419100449 96145554354743600385319456705377991902387529725 18404637641943275866441463103454963907254430257
0 42 7236963213144361985959302817209764451165627461615 1385333793744057378549909490355742260980210953930 265187159802594548141534947300634520336718636509
0 43 104275333067173600027267422310528956070556241814740 19960878409530852874589915583681788259191226058559 3821005938417313799593592966072968437628187891593
0 44 1502473449986388847971897979577432629109160444564956 287610587917283377521306481646805052356297382929453 55055781706411915445605998383208156621752551752367
0 45 21648710212804889376662096932270743035147209801749065 4144098700720021764639389412818371506320680065431997 793283011897497533251253000834005507892685979991805
0 46 311930073627835115871283040787478346154787549971930883 59711132909521743822385520515180103893624300019152002 11430188028591821482867172218651605114772839018373053
0 47 4494511214618680731016276133815828730373642640803386064 860360635889233618507793576691830917195372381537540563 164694310113215956475261346506735840538366723113145373
0 48 64760126599516025516648094535092398857693439611429773652 12396690327571565716720965927825060910491501985007198261 2373033209586963528291853510315322034412743363519475551
0 49 933110141887006133789147400613512397112956067786965257381 178620365306324667955949247492696126866972559861885413413 34192356796855551884691871720127305493613584579928478889
0 50 13444917152137332925510372697626100209631614855559895058567 2573689755821802472372859244092764876622372338572596730486 492667889602362682377270178114704987265952816525861271605
0 51 193723965814241430774581227781892275937880926851289832066218 37083559581028972948267868089437429831593492343870109735119 7098710711499549007417805613485949352538218318990295464713
0 52 2791313215703369475232132386612405689866894494685807872368298 534326403595850403625125447320997449573331475364406846067223 102283292313268027982155262919886057408349181621384011598787
0 53 40219233771165984791847533625842537132378515281966075524599609 7698956324724967484848442017485904066743301818162808093195533 1473770704515940908961035824923278205528034398892183075479277
0 54 579507436155672683275556315673030734118259891938318476285936469 110932059675748399756261521778779223416947729877119451270264062 21235140562714155666654242205748473702035630314274096507624397
0 55 8349956900483886438724920705109378916284572092751508245383237605 1598388319775726679743256619134733149696947088348351222665651651 305971066826394760392052951454689229651593148906615924472127009
0 56 120312140776756615714287794741153258375260847557515668510682511641 23030720138643631619817556809311456330640034508352096146401608792 4408649589975522651262821861065734114076708831262865234778328205
0 57 1733543225528179511277849900666593353257001566678278733998600632503 331843059375552448775196229299526789551652574775134083710168347565 63522971007645284192635701914607488438300321222872551154484188989
0 58 24978128519472099264417718489035002253849668418126919552978106404009 4781431730871264543328433523819596290137486605014252088235376736388 915284320807304310461620801907099311321953703012433276361518064945
0 59 359902709749376132520495663680883924448763502475934594204093838963560 68894282255001665153283026530162580913806110499250771179864434411011 13188069994630167082860317968087075177974434428140396334889816584493
0 60 5185735207662437989662462546137870284188207027299343809750397162628264 992678008301700350170008276112434237462614559363760300694402097824869 190023128583540140830856429463407140643889610408575904300090079022063
1 0 0 0 0
1 1 0 0 0
1 2 49 7 1
1 3 1860 307 50
1 4 45226 7871 1359
1 5 926236 165553 29464
1 6 17359441 3150481 570217
1 7 308397220 56524024 10340774
1 8 5286665538 975623392 179805890
1 9 88349492608 16386551106 3036240510
1 10 1448666191471 269722169532 50179611660
1 11 23406434123292 4371120095051 815795043210
1 12 373770419668474 69970919996207 13092150938639
1 13 5911806476589088 1108921226053345 207921478472160
1 14 92765376483816296 17429795879835823 3273750356155461
1 15 1445913453570790396 272059948889903725 51174812251486254
1 16 22408478535519950774 4221470205629935605 795064413247503253
1 17 345567883667348328224 65169440230263631655 12287295795010194416
1 18 5306136708205468048846 1001593356300661678929 189024461901904852103
1 19 81165562745965512692684 15333462457168744059053 2896223607140085755338
1 20 1237370707617250108369110 233929228260515414421337 44218176752728988204733
1 21 18806978849510135996406748 3557843626580292808729367 672966363072661420495508
1 22 285076978996412458322318517 53961621206304636451206099 10212980109199593589172563
1 23 4310649232405106970186366988 816387598829762385383202602 154596590709656403597807942
1 24 65036699009084153415820638358 12323163276001513848724156458 2334748863816816188632205992
1 25 979252050602183912299413039120 185630798668622971260034452680 35185499799080803661613626050
1 26 14717189027692817372984106314959 2790977494423903268157456314574 529235981332003207309047418518
1 27 220808001377563226515923445312756 41889790448292284927152210257505 7946321716401595526892603167682
1 28 3307667791980772650036996367713930 627718286399762438322936192191037 119117322818685135492970803844849
1 29 49476299982526103568880108519201132 9392443633911960156776753106729399 1782910773137549400062036299905220
1 30 739071366393676032828981923116604655 140344822750238864886860729716704991 26648831736814152033567574651935987
1 31 11026309847640945910455937621958082628 2094401844610276741330762615461022552 397798832180454938243540475299240566
1 32 164310515867643208280176669002183584114 31218139894784382913850418153780686384 5930947561549813817991579040841405762
1 33 2445822816193708654572609293367802197240 464805555580083994584382915266902804898 88327225456203630756529499213118463630
1 34 36369645972916475590931967423777192385261 6913270170085322377053979860664040154408 1314033274087435681260181829477234238996
1 35 540299837847559622177416095112787236511820 102723900993166344953522304922581172331813 19529352207645889227496889183482729328730
1 36 8019311682442465111143165454436745505785182 1524967416993107969615342208822891753273521 289977887659262223508700279354480778436965
1 37 118923726238506161071338398373789658450029364 22619022912601271159772747039841311026369495 4301907793846600853020916861592527396111188
1 38 1762178286800271698703443317964910167054846867 335221994121405207315779626722934342572821903 63767307528392081749464713100970735192195611
1 39 26091567520123646772800476471565905655965511212 4964276828384833502718901277131041469255694628 944486246090381361648667603746598399434336038
1 40 386044203141599753008121319177597930756624479814 73461903531264183855911397525317272548185811716 13978867414476500914540068160014203609396277166
1 41 5707903583127609862881876591825187573754876906016 1086344444821689977523905022513742883575961909082 206749234231574611015410696780824906313454235190
1 42 84340062368249047880386433038178508814068568396173 16054150692286569628421953865152497411724201962400 3055813981561116060212866510493849686879852289172
1 43 1245439880589235255543970660211923896841091529485172 237102232619105317404107968247277626730518225810253 45137276034138647906643159309336177143852776708610
1 44 18380446097523991441472300935873543254521850069947846 3499657609351278687648341251932500469677654967342833 666319486089378500052286646724698439126734046010661
1 45 271110114223755530481863519837449353280647131796637096 51626090284901791594115411806552555698856892287529791 9830617033835144565844007361349663864717264029731372
1 46 3996712682495011038592002555731294815278509092864455546 761163586784243566887251004102186904666354281996672837 144957817659800890569358197202330209224565293590699695
1 47 58889527428347751205636337179778564956900155287866717300 11216630607442228013483630644766591769220401826234376961 2136366855637551306303739488451004787707906386441951950
1 48 867283043452835568286146447184858204881185858915013806994 165208481722671564651092418109493231946868213802205433233 31469754887701242081817956717903323810238912542183116393
1 49 12766750676311795531089459763488155285274718721831814486608 2432187190943097604905629874985453402191576404000075789007 463344052765264108553586038409216939757016405524484500824
1 50 187847384526792307078219819717565625518414485535149524219604 35790274691946422955761927111316615537223891466274064355253 6818915365998361795536317451068919292017577995054379153967
1 51 2762760104211129681978673698088624410275036119117958210538676 526434753935336338585633157391122629452592465170700315067991 100308262322777410522207275688105856494605780676908599951218
1 52 40616449682663608694795737928930082614014036306658242384093066 7740039498255514251323074224973967256947349794486030457421827 1474944022335005997667567196384413372506355394443610477424443
1 53 596882118210918974135824966201197145209753837611289419660131204 113754364653226635101478300509125945930159445297623614518129973 21678990592319038148174720580627406768262230836948459183942528
1 54 8768184141167460529739935644210060019365879727470356949574620427 1671190569849425929482401478488674482372376289465673239438884865 318518089353960451986316842886501616015067490152011301931343741
1 55 128757198372075831534617720930110727236294556805072147757829953332 24542752068371388184420286532952657442316817474133971769932187978 4678074342243294539465911382321143398628368846819498037172705286
1 56 1890079472638349479166210114161204761425145922527086198514674294186 360301379842390141058379658454842046252708679667321317501744191970 68682199020122875409049774249536131294276624217816855767596351680
1 57 27735813366093633078052096599921319488763778304869427476914406905040 5287612811607832272364595970279610441520013202856181562818346014420 1008024449770714900170860070131850720289127202778452811025652263266
1 58 406873441325146534219698392540287757251859327171852931967485242446353 77572857617327481258258544473723424529681340766831241132120482917078 14789489294440010745974625063077891945518602744693614703894644484618
1 59 5966785066145215660374472424057539197040209747582658981014119912252092 1137683448748477128191291123451663579225178797330861039269061560420515 216918039402844059520731649994615478294107465754200290558197279416026
1 60 87475981082794824216668908603906494184700024040399030065078956262298074 16680129292041537072922485922339420890891661557121554387901830409986487 3180558741610873096981464723108082838557023091969866146931850201430007
