# severance_w3_families K=22 emax=0
0 1 25 5 1
0 2 339 66 13
0 3 4778 919 177
0 4 68314 13103 2515
0 5 981085 187965 36021
0 6 14115141 2703074 517701
0 7 203235615 38911979 7450561
0 8 2927318947 560417094 107291033
0 9 42171167999 8073022573 1545475293
0 10 607573757457 116307837628 22264949345
0 11 8753905341432 1675738797795 320783668749
0 12 126128990442728 24144403733461 4621881666063
0 13 1817328627104215 347883206029277 66593812380721
0 14 26185145165816377 5012497004215068 959518815944913
0 15 377292466968857930 72223212559800015 13825332902978289
0 16 5436284616532012446 1040640183109408207 199204464804214307
0 17 78329750540206058871 14994258768920757285 2870273620718785821
0 18 1128629987957263546269 216047756211150731636 41356898090817272241
0 19 16262098555723413172570 3112968429632491884891 595899274511995668021
0 20 234315859323847121105426 44853856019006422662123 8586138555746771316731
0 21 3376189635847626136421555 646286251540612836090973 123715184295381473667753
0 22 48646546108889001609047967 9312152656382527933068156 1782576452430978202914441
