# severance_w3_families K=22 emax=1
0 1 25 5 1
0 2 339 66 13
0 3 4778 919 177
0 4 68314 13103 2515
0 5 981085 187965 36021
0 6 14115141 2703074 517701
0 7 203235615 38911979 7450561
0 8 2927318947 560417094 107291033
0 9 42171167999 8073022573 1545475293
0 10 607573757457 116307837628 22264949345
0 11 8753905341432 1675738797795 320783668749
0 12 126128990442728 24144403733461 4621881666063
0 13 1817328627104215 347883206029277 66593812380721
0 14 26185145165816377 5012497004215068 959518815944913
0 15 377292466968857930 72223212559800015 13825332902978289
0 16 5436284616532012446 1040640183109408207 199204464804214307
0 17 78329750540206058871 14994258768920757285 2870273620718785821
0 18 1128629987957263546269 216047756211150731636 41356898090817272241
0 19 16262098555723413172570 3112968429632491884891 595899274511995668021
0 20 234315859323847121105426 44853856019006422662123 8586138555746771316731
0 21 3376189635847626136421555 646286251540612836090973 123715184295381473667753
0 22 48646546108889001609047967 9312152656382527933068156 1782576452430978202914441
1 1 0 0 0
1 2 49 7 1
1 3 1860 307 50
1 4 45226 7871 1359
1 5 926236 165553 29464
1 6 17359441 3150481 570217
1 7 308397220 56524024 10340774
1 8 5286665538 975623392 179805890
1 9 88349492608 16386551106 3036240510
1 10 1448666191471 269722169532 50179611660
1 11 23406434123292 4371120095051 815795043210
1 12 373770419668474 69970919996207 13092150938639
1 13 5911806476589088 1108921226053345 207921478472160
1 14 92765376483816296 17429795879835823 3273750356155461
1 15 1445913453570790396 272059948889903725 51174812251486254
1 16 22408478535519950774 4221470205629935605 795064413247503253
1 17 345567883667348328224 65169440230263631655 12287295795010194416
1 18 5306136708205468048846 1001593356300661678929 189024461901904852103
1 19 81165562745965512692684 15333462457168744059053 2896223607140085755338
1 20 1237370707617250108369110 233929228260515414421337 44218176752728988204733
1 21 18806978849510135996406748 3557843626580292808729367 672966363072661420495508
1 22 285076978996412458322318517 53961621206304636451206099 10212980109199593589172563
