# severance_w3_families K=21 emax=4
0 1 25 5 1
0 2 339 66 13
0 3 4778 919 177
0 4 68314 13103 2515
0 5 981085 187965 36021
0 6 14115141 2703074 517701
0 7 203235615 38911979 7450561
0 8 2927318947 560417094 107291033
0 9 42171167999 8073022573 1545475293
0 10 607573757457 116307837628 22264949345
0 11 8753905341432 1675738797795 320783668749
0 12 126128990442728 24144403733461 4621881666063
0 13 1817328627104215 347883206029277 66593812380721
0 14 26185145165816377 5012497004215068 959518815944913
0 15 377292466968857930 72223212559800015 13825332902978289
0 16 5436284616532012446 1040640183109408207 199204464804214307
0 17 78329750540206058871 14994258768920757285 2870273620718785821
0 18 1128629987957263546269 216047756211150731636 41356898090817272241
0 19 16262098555723413172570 3112968429632491884891 595899274511995668021
0 20 234315859323847121105426 44853856019006422662123 8586138555746771316731
0 21 3376189635847626136421555 646286251540612836090973 123715184295381473667753
1 1 0 0 0
1 2 49 7 1
1 3 1860 307 50
1 4 45226 7871 1359
1 5 926236 165553 29464
1 6 17359441 3150481 570217
1 7 308397220 56524024 10340774
1 8 5286665538 975623392 179805890
1 9 88349492608 16386551106 3036240510
1 10 1448666191471 269722169532 50179611660
1 11 23406434123292 4371120095051 815795043210
1 12 373770419668474 69970919996207 13092150938639
1 13 5911806476589088 1108921226053345 207921478472160
1 14 92765376483816296 17429795879835823 3273750356155461
1 15 1445913453570790396 272059948889903725 51174812251486254
1 16 22408478535519950774 4221470205629935605 795064413247503253
1 17 345567883667348328224 65169440230263631655 12287295795010194416
1 18 5306136708205468048846 1001593356300661678929 189024461901904852103
1 19 81165562745965512692684 15333462457168744059053 2896223607140085755338
1 20 1237370707617250108369110 233929228260515414421337 44218176752728988204733
1 21 18806978849510135996406748 3557843626580292808729367 672966363072661420495508
2 1 0 0 0
2 2 0 0 0
2 3 81 9 1
2 4 7311 1045 145
2 5 282683 45055 7062
2 6 7866819 1321553 220066
2 7 185443644 32079519 5519815
2 8 3960165215 697938231 122566105
2 9 79198343478 14138560969 2517608429
2 10 1511482657013 272381440991 48991940462
2 11 27852927833960 5055464229175 916241926118
2 12 499470157022471 91170337080677 16622129527327
2 13 8763730382677530 1606996892446825 294391032350410
2 14 151053486285605750 27802950993227290 5113345509916336
2 15 2565220720756077251 473647469327218657 87396475598498030
2 16 43019219266470802024 7964502707882117360 1473687452366684268
2 17 713711595656668257506 132441034409384644799 24564432308801921812
2 18 11730812241367100043632 2181228617039658451634 405402104699010908756
2 19 191242444861689793636049 35622483510253443543199 6632820854347169834578
2 20 3095336105204590662889720 577466011038514527424508 107695577738163993937334
2 21 49778944747368708587460571 9299707619095757923843629 1736846387235836828354912
3 1 0 0 0
3 2 0 0 0
3 3 0 0 0
3 4 121 11 1
3 5 25080 3146 380
3 6 1477849 217306 31164
3 7 54033606 8582979 1345628
3 8 1559809310 258437191 42487955
3 9 39212472508 6670601472 1128967160
3 10 899897359272 155881743487 26904224231
3 11 19354719421960 3397258132224 594694222684
3 12 396503321977167 70302074224806 12438786544607
3 13 7820579265412552 1397703450021181 249381475925142
3 14 149631085572852144 26915013538969412 4834749139178072
3 15 2792317166132591902 504950570242345244 91209338124434940
3 16 51032412060831784908 9269861658667428922 1682221587135535810
3 17 916296442420929342906 167078267448286113701 30440139424291583546
3 18 16203659127470627925446 2964332630921373157405 541915167060048572206
3 19 282775779909522118402834 51880351208024364078214 9512461747869764706384
3 20 4877841111961813538891281 897192082660047070630526 164931808489740438689172
3 21 83281943722701451824623556 15352586644431311880985336 2828785440857347369319746
4 1 0 0 0
4 2 0 0 0
4 3 0 0 0
4 4 0 0 0
4 5 169 13 1
4 6 80123 8916 953
4 7 7012679 956020 126161
4 8 329407351 49688470 7366261
4 9 11417604108 1818675512 286783346
4 10 332360483727 54745430526 8958539598
4 11 8634679978829 1455077216278 244073483299
4 12 206955799651489 35458537203608 6054423296378
4 13 4669464216237485 810221501628856 140212309581917
4 14 100503769784519503 17613933988811587 3080415241317613
4 15 2082760428222277743 367985013726545464 64903508737835676
4 16 41836505582468656357 7441466691615473334 1321704958217887163
4 17 818694421181894847362 146446316275866294100 26164003262105484923
4 18 15668559532324325035729 2816321663220947431708 505684960787256650935
4 19 294178128137184765054860 53097829774400608203823 9575204398093726289598
4 20 5431714375261664363590871 983983112087166093827559 178111600852773828693258
4 21 98828676415530516822200226 17960994972553806337986496 3261909793950025118160670
