2	25	5	5	1
2,2	339	66	66	13
3	49	7	7	1
2,2,2	4778	919	919	177
2,3	930	177	130	25
3,2	930	130	177	25
4	81	9	9	1
2,2,2,2	68314	13103	13103	2515
2,2,3	13459	2569	1857	355
2,3,2	18308	3445	3445	649
2,4	1993	372	218	41
3,2,2	13459	1857	2569	355
3,3	3325	455	455	63
4,2	1993	218	372	41
5	121	11	11	1
2,2,2,2,2	981085	187965	187965	36021
2,2,2,3	194232	37168	26714	5116
2,2,3,2	268886	51195	50476	9616
2,2,4	29515	5603	3192	607
2,3,2,2	268886	50476	51195	9616
2,3,3	67371	12567	9095	1699
2,4,2	50442	9335	9335	1729
2,5	3672	675	330	61
3,2,2,2	194232	26714	37168	5116
3,2,3	38469	5263	5263	721
3,3,2	67371	9095	12567	1699
3,4	8868	1188	953	129
4,2,2	29515	3192	5603	607
4,3	8868	953	1188	129
5,2	3672	330	675	61
6	169	13	13	1
2,2,2,2,2,2	14115141	2703074	2703074	517701
2,2,2,2,3	2798827	535714	384433	73606
2,2,2,3,2	3897785	745037	730949	139748
2,2,2,4	429025	81940	46245	8839
2,2,3,2,2	3966217	754348	754348	143509
2,2,3,3	1000708	190088	134688	25604
2,2,4,2	756373	143257	139748	26479
2,2,5	55466	10481	4940	935
2,3,2,2,2	3897785	730949	745037	139748
2,3,2,3	776258	145399	105928	19855
2,3,3,2	1386842	258095	258095	48055
2,3,4	184328	34164	19557	3630
2,4,2,2	756373	139748	143257	26479
2,4,3	230231	42297	30485	5607
2,5,2	113856	20797	20797	3801
2,6	6111	1110	466	85
3,2,2,2,2	2798827	384433	535714	73606
3,2,2,3	555249	76165	76165	10457
3,2,3,2	776258	105928	145399	19855
3,2,4	85394	11620	9158	1248
3,3,2,2	1000708	134688	190088	25604
3,3,3	253155	33807	33807	4523
3,4,2	230231	30485	42297	5607
3,5	19671	2585	1743	231
4,2,2,2	429025	46245	81940	8839
4,2,3	85394	9158	11620	1248
4,3,2	184328	19557	34164	3630
4,4	28559	3012	3012	321
5,2,2	55466	4940	10481	935
5,3	19671	1743	2585	231
6,2	6111	466	1110	85
7	225	15	15	1
2,2,2,2,2,2,2	203235615	38911979	38911979	7450561
2,2,2,2,2,3	40324664	7719061	5535680	1059809
2,2,2,2,3,2	56272101	10765690	10547932	2018189
2,2,2,2,4	6199201	1185603	667322	127667
2,2,2,3,2,2	57601845	11005417	10950244	2092389
2,2,2,3,3	14561179	2780476	1957147	373838
2,2,2,4,2	11040885	2106598	2038335	388983
2,2,2,5	811497	154733	72045	13747
2,2,3,2,2,2	57601845	10950244	11005417	2092389
2,2,3,2,3	11493879	2183873	1566443	297727
2,2,3,3,2	20690821	3925807	3847152	730106
2,2,3,4	2762410	523618	292208	55431
2,2,4,2,2	11377368	2153157	2153157	407565
2,2,4,3	3488069	659228	460799	87140
2,2,5,2	1736735	327539	316879	59778
2,2,6	93817	17659	7104	1339
2,3,2,2,2,2	56272101	10547932	10765690	2018189
2,3,2,2,3	11182463	2094985	1531917	287085
2,3,2,3,2	15727825	2942857	2942857	550751
2,3,2,4	1735183	324386	185615	34723
2,3,3,2,2	20690821	3847152	3925807	730106
2,3,3,3	5277149	979925	702595	130553
2,3,4,2	4854990	898013	890309	164737
2,3,5	418367	77156	36659	6770
2,4,2,2,2	11040885	2038335	2106598	388983
2,4,2,3	2209143	407497	299897	55349
2,4,3,2	4854990	890309	898013	164737
2,4,4	759197	138659	79112	14466
2,5,2,2	1736735	316879	327539	59778
2,5,3	622935	113131	81087	14739
2,6,2	224678	40615	40615	7345
2,7	9454	1701	626	113
3,2,2,2,2,2	40324664	5535680	7719061	1059809
3,2,2,2,3	8001595	1097847	1097847	150687
3,2,2,3,2	11182463	1531917	2094985	287085
3,2,2,4	1231506	168574	132373	18135
3,2,3,2,2	11493879	1566443	2183873	297727
3,2,3,3	2910121	396161	390585	53221
3,2,4,2	2209143	299897	407497	55349
3,2,5	162386	22000	14354	1948
3,3,2,2,2	14561179	1957147	2780476	373838
3,3,2,3	2910121	390585	396161	53221
3,3,3,2	5277149	702595	979925	130553
3,3,4	705128	93404	74012	9822
3,4,2,2	3488069	460799	659228	87140
3,4,3	1073251	140683	140683	18471
3,5,2	622935	81087	113131	14739
3,6	38422	4966	2897	377
4,2,2,2,2	6199201	667322	1185603	127667
4,2,2,3	1231506	132373	168574	18135
4,2,3,2	1735183	185615	324386	34723
4,2,4	191090	20385	20385	2177
4,3,2,2	2762410	292208	523618	55431
4,3,3	705128	74012	93404	9822
4,4,2	759197	79112	138659	14466
4,5	74710	7735	6516	681
5,2,2,2	811497	72045	154733	13747
5,2,3	162386	14354	22000	1948
5,3,2	418367	36659	77156	6770
5,4	74710	6516	7735	681
6,2,2	93817	7104	17659	1339
6,3	38422	2897	4966	377
7,2	9454	626	1701	113
8	289	17	17	1
2,2,2,2,2,2,2,2	2927318947	560417094	560417094	107291033
2,2,2,2,2,2,3	580982902	111215009	79735124	15264399
2,2,2,2,2,3,2	811435835	155292225	152067478	29104073
2,2,2,2,2,4	89423608	17111380	9620454	1841173
2,2,2,2,3,2,2	832278432	159194784	158183445	30258277
2,2,2,2,3,3	210558334	40264861	28283384	5409423
2,2,2,2,4,2	159822039	30552395	29495033	5638907
2,2,2,2,5	11755203	2246568	1042239	199248
2,2,2,3,2,2,2	837271200	159935327	159935327	30552392
2,2,2,3,2,3	167202868	31932364	22773636	4349954
2,2,2,3,3,2	301680227	57577916	56068768	10702242
2,2,2,3,4	40329305	7693998	4259979	812991
2,2,2,4,2,2	166326694	31723873	31464702	6001895
2,2,2,4,3	51106120	9741875	6743932	1285873
2,2,2,5,2	25504671	4858804	4650930	886149
2,2,2,6	1380730	262882	104258	19863
2,2,3,2,2,2,2	832278432	158183445	159194784	30258277
2,2,3,2,2,3	165532672	31453704	22663986	4307146
2,2,3,2,3,2	233320259	44309388	43639320	8288296
2,2,3,2,4	25775065	4893013	2753879	522950
2,2,3,3,2,2	309218791	58644753	58644753	11123457
2,2,3,3,3	79046472	14981778	10511098	1992808
2,2,3,4,2	73048729	13832095	13386459	2535212
2,2,3,5	6316200	1194987	551892	104489
2,2,4,2,2,2	166326694	31464702	31723873	6001895
2,2,4,2,3	33331643	6302828	4520069	854960
2,2,4,3,2	73813082	13937507	13643487	2576638
2,2,4,4	11599171	2187932	1205795	227590
2,2,5,2,2	26548384	5004150	5004150	943373
2,2,5,3	9583569	1804128	1245395	234548
2,2,6,2	3475717	653201	627814	118009
2,2,7	147064	27593	9684	1819
2,3,2,2,2,2,2	811435835	152067478	155292225	29104073
2,3,2,2,2,3	161126268	30188671	22093816	4140113
2,3,2,2,3,2	225650857	42254160	42254160	7913049
2,3,2,2,4	24873653	4655808	2670162	499955
2,3,2,3,2,2	233320259	43639320	44309388	8288296
2,3,2,3,3	59171283	11060441	7930535	1482825
2,3,2,4,2	45056561	8415432	8304089	1551235
2,3,2,5	3318737	619409	292573	54639
2,3,3,2,2,2	301680227	56068768	57577916	10702242
2,3,3,2,3	60409007	11222137	8212021	1526001
2,3,3,3,2	110516979	20501227	20501227	3803785
2,3,3,4	14844614	2750942	1553294	288051
2,3,4,2,2	73813082	13643487	13937507	2576638
2,3,4,3	22911570	4229536	2995408	553260
2,3,5,2	13413202	2469326	2432613	447954
2,3,6	833874	153156	62285	11454
2,4,2,2,2,2	159822039	29495033	30552395	5638907
2,4,2,2,3	31805932	5867239	4348576	802385
2,4,2,3,2	45056561	8304089	8415432	1551235
2,4,2,4	4976557	916554	529818	97633
2,4,3,2,2	73048729	13386459	13832095	2535212
2,4,3,3	18797257	3440829	2483259	454799
2,4,4,2	20464590	3731379	3731379	680549
2,4,5	2030342	369074	175104	31866
2,5,2,2,2	25504671	4650930	4858804	886149
2,5,2,3	5126235	934258	692941	126338
2,5,3,2	13413202	2432613	2469326	447954
2,5,4	2415158	436448	247425	44755
2,6,2,2	3475717	627814	653201	118009
2,6,3	1437231	258633	184345	33195
2,7,2	402492	72149	72149	12937
2,8	13845	2472	810	145
3,2,2,2,2,2,2	580982902	79735124	111215009	15264399
3,2,2,2,2,3	115309629	15821667	15821667	2171301
3,2,2,2,3,2	161126268	22093816	30188671	4140113
3,2,2,2,4	17752196	2433406	1908753	261749
3,2,2,3,2,2	165532672	22663986	31453704	4307146
3,2,2,3,3	41888071	5731763	5622899	769735
3,2,2,4,2	31805932	4348576	5867239	802385
3,2,2,5	2338823	319581	207049	28315
3,2,3,2,2,2	167202868	22773636	31932364	4349954
3,2,3,2,3	33409961	4548015	4548015	619369
3,2,3,3,2	60409007	8212021	11222137	1526001
3,2,3,4	8080518	1097554	852323	115881
3,2,4,2,2	33331643	4520069	6302828	854960
3,2,4,3	10265114	1390318	1353042	183402
3,2,5,2	5126235	692941	934258	126338
3,2,6	277674	37468	20894	2824
3,3,2,2,2,2	210558334	28283384	40264861	5409423
3,3,2,2,3	41888071	5622899	5731763	769735
3,3,2,3,2	59171283	7930535	11060441	1482825
3,3,2,4	6536950	875226	697681	93495
3,3,3,2,2	79046472	10511098	14981778	1992808
3,3,3,3	20273717	2691483	2691483	357645
3,3,4,2	18797257	2483259	3440829	454799
3,3,5	1627008	214164	141156	18614
3,4,2,2,2	51106120	6743932	9741875	1285873
3,4,2,3	10265114	1353042	1390318	183402
3,4,3,2	22911570	2995408	4229536	553260
3,4,4	3606518	468868	371829	48423
3,5,2,2	9583569	1245395	1804128	234548
3,5,3	3473875	448315	448315	57933
3,6,2	1437231	184345	258633	33195
3,7	68385	8715	4487	575
4,2,2,2,2,2	89423608	9620454	17111380	1841173
4,2,2,2,3	17752196	1908753	2433406	261749
4,2,2,3,2	24873653	2670162	4655808	499955
4,2,2,4	2739116	293790	293790	31535
4,2,3,2,2	25775065	2753879	4893013	522950
4,2,3,3	6536950	697681	875226	93495
4,2,4,2	4976557	529818	916554	97633
4,2,5	366059	38907	32185	3425
4,3,2,2,2	40329305	4259979	7693998	812991
4,3,2,3	8080518	852323	1097554	115881
4,3,3,2	14844614	1553294	2750942	288051
4,3,4	1992018	207363	207363	21625
4,4,2,2	11599171	1205795	2187932	227590
4,4,3	3606518	371829	468868	48423
4,5,2	2415158	247425	436448	44755
4,6	168837	17182	12564	1289
5,2,2,2,2	11755203	1042239	2246568	199248
5,2,2,3	2338823	207049	319581	28315
5,2,3,2	3318737	292573	619409	54639
5,2,4	366059	32185	38907	3425
5,3,2,2	6316200	551892	1194987	104489
5,3,3	1627008	141156	214164	18614
5,4,2	2030342	175104	369074	31866
5,5	226545	19437	19437	1683
6,2,2,2	1380730	104258	262882	19863
6,2,3	277674	20894	37468	2824
6,3,2	833874	62285	153156	11454
6,4	168837	12564	17182	1289
7,2,2	147064	9684	27593	1819
7,3	68385	4487	8715	575
8,2	13845	810	2472	145
9	361	19	19	1
2,2,2,2,2,2,2,2,2	42171167999	8073022573	8073022573	1545475293
2,2,2,2,2,2,2,3	8370786124	1602385319	1148675284	219893755
2,2,2,2,2,2,3,2	11695580821	2238586602	2191587608	419490237
2,2,2,2,2,2,4	1289104000	246723544	138646821	26537809
2,2,2,2,2,3,2,2	12006009773	2297477992	2281630353	436625654
2,2,2,2,2,3,3	3038467238	581374837	408022434	78076087
2,2,2,2,2,4,2	2307332829	441416676	425739229	81451825
2,2,2,2,2,5	169757205	32472375	15041959	2877773
2,2,2,2,3,2,2,2	12102369586	2314654395	2311553553	442110609
2,2,2,2,3,2,3	2417661043	462347918	329201301	62960288
2,2,2,2,3,3,2	4366438365	834791039	811353522	155125308
2,2,2,2,3,4	584013568	111633761	61648333	11785994
2,2,2,2,4,2,2	2409365550	460507531	455701592	87103289
2,2,2,2,4,3	740988542	141590113	97727548	18676507
2,2,2,2,5,2	370074049	70696747	67466328	12889229
2,2,2,2,6	20049075	3829088	1511965	288851
2,2,2,3,2,2,2,2	12102369586	2311553553	2314654395	442110609
2,2,2,3,2,2,3	2407945743	459869786	329593461	62950370
2,2,2,3,2,3,2	3397201378	648644665	635268133	121301002
2,2,2,3,2,4	375488547	71682676	40094764	7655483
2,2,2,3,3,2,2	4512252440	861021720	855583075	163269802
2,2,2,3,3,3	1154655978	220269770	153445508	29276706
2,2,2,3,4,2	1068498247	203751326	195738526	37328401
2,2,2,3,5	92490165	17630779	8070479	1538933
2,2,2,4,2,2,2	2433374921	464037710	464037710	88494687
2,2,2,4,2,3	487998049	93043143	66141317	12612373
2,2,2,4,3,2	1083358753	206423191	200174909	38144629
2,2,2,4,4	170510993	32474773	17704105	3372840
2,2,2,5,2,2	390299303	74334830	73546739	14008403
2,2,2,5,3	141215546	26879723	18335598	3490817
2,2,2,6,2	51315164	9762548	9265363	1762875
2,2,2,7	2175610	413675	142922	27191
2,2,3,2,2,2,2,2	12006009773	2281630353	2297477992	436625654
2,2,3,2,2,2,3	2384936899	453184313	326935839	62128731
2,2,3,2,2,3,2	3343247584	635114737	625913429	118910435
2,2,3,2,2,4	368744903	70037667	39561443	7515293
2,2,3,2,3,2,2	3463956086	657700425	657700425	124883866
2,2,3,2,3,3	879316756	166909368	117784572	22360844
2,2,3,2,4,2	670403660	127209505	123517220	23439398
2,2,3,2,5	49429983	9376476	4352827	825938
2,2,3,3,2,2,2	4512252440	855583075	861021720	163269802
2,2,3,3,2,3	904270762	171423446	122855472	23293404
2,2,3,3,3,2	1658590309	314198620	307551515	58267520
2,2,3,3,4	223145363	42251390	23318799	4416775
2,2,3,4,2,2	1112084682	210507069	209912006	39737827
2,2,3,4,3	346005210	65452084	45189392	8550466
2,2,3,5,2	203208958	38411220	36834990	6963551
2,2,3,6	12668615	2392872	943857	178391
2,2,4,2,2,2,2	2409365550	455701592	460507531	87103289
2,2,4,2,2,3	479856914	90739137	65574952	12401637
2,2,4,2,3,2	680916590	128700982	127137574	24032449
2,2,4,2,4	75299601	14227521	8008194	1513549
2,2,4,3,2,2	1112084682	209912006	210507069	39737827
2,2,4,3,3	286752005	54095070	37843779	7141028
2,2,4,4,2	313685021	59118463	57163970	10774857
2,2,4,5	31237011	5881984	2687823	506426
2,2,5,2,2,2	390299303	73546739	74334830	14008403
2,2,5,2,3	78532253	14793955	10607341	1998637
2,2,5,3,2	206897954	38922365	38069610	7162730
2,2,5,4	37426880	7034024	3827154	719624
2,2,6,2,2	53847866	10115989	10115989	1900597
2,2,6,3	22387389	4201076	2867955	538348
2,2,7,2	6298867	1180339	1128473	211492
2,2,8	217703	40739	12680	2375
2,3,2,2,2,2,2,2	11695580821	2191587608	2238586602	419490237
2,3,2,2,2,2,3	2321988186	435057498	318507572	59681272
2,3,2,2,2,3,2	3247564423	608319230	608319230	113953098
2,3,2,2,2,4	357941644	67035173	38462548	7204398
2,3,2,2,3,2,2	3343247584	625913429	635114737	118910435
2,3,2,2,3,3	846689386	158468613	113579696	21260999
2,3,2,2,4,2	643587727	120410898	118673373	22204738
2,3,2,2,5	47358111	8857306	4187003	783330
2,3,2,3,2,2,2	3397201378	635268133	648644665	121301002
2,3,2,3,2,3	679342730	127007795	92418226	17280759
2,3,2,3,3,2	1230893871	229973522	228553310	42705672
2,3,2,3,4	164826115	30780797	17359785	3242925
2,3,2,4,2,2	680916590	127137574	128700982	24032449
2,3,2,4,3	210084046	39202905	27657218	5162243
2,3,2,5,2	105134203	19606556	19148640	3571465
2,3,2,6	5705694	1063387	428200	79850
2,3,3,2,2,2,2	4366438365	811353522	834791039	155125308
2,3,3,2,2,3	869438890	161518084	118893010	22090328
2,3,3,2,3,2	1230893871	228553310	229973522	42705672
2,3,3,2,4	136160207	25273033	14512598	2694565
2,3,3,3,2,2	1658590309	307551515	314198620	58267520
2,3,3,3,3	426394479	79017753	56526417	10478335
2,3,3,4,2	397427412	73578658	72689099	13459584
2,3,3,5	34532058	6387643	2986882	552875
2,3,4,2,2,2	1083358753	200174909	206423191	38144629
2,3,4,2,3	217960684	40258546	29484658	5447358
2,3,4,3,2	491107241	90582822	90582822	16710378
2,3,4,4	77779957	14331860	7996448	1474327
2,3,5,2,2	206897954	38069610	38922365	7162730
2,3,5,3	75623179	13898106	9738951	1790584
2,3,6,2	31515162	5779619	5665373	1039183
2,3,7	1510433	276468	98331	18018
2,4,2,2,2,2,2	2307332829	425739229	441416676	81451825
2,4,2,2,2,3	458383250	84561114	62797728	11586198
2,4,2,2,3,2	643587727	118673373	120410898	22204738
2,4,2,2,4	70946184	13077363	7600870	1401439
2,4,2,3,2,2	670403660	123517220	127209505	23439398
2,4,2,3,3	170291750	31358549	22771772	4194329
2,4,2,4,2	130005183	23925261	23925261	4403577
2,4,2,5	9580511	1762055	840723	154705
2,4,3,2,2,2	1068498247	195738526	203751326	37328401
2,4,3,2,3	214469927	39274454	29092233	5328770
2,4,3,3,2	397427412	72689099	73578658	13459584
2,4,3,4	53614983	9797546	5565797	1017674
2,4,4,2,2	313685021	57163970	59118463	10774857
2,4,4,3	98409743	17913582	12762357	2324170
2,4,5,2	66465441	12064194	11994995	2177699
2,4,6	4682383	847865	344968	62530
2,5,2,2,2,2	370074049	67466328	70696747	12889229
2,5,2,2,3	73757516	13442119	10067288	1835101
2,5,2,3,2	105134203	19148640	19606556	3571465
2,5,2,4	11628757	2116941	1233588	224664
2,5,3,2,2	203208958	36834990	38411220	6963551
2,5,3,3	52733624	9550360	6924664	1254602
2,5,4,2	66465441	11994995	12064194	2177699
2,5,5	7470787	1344445	634315	114257
2,6,2,2,2	51315164	9265363	9762548	1762875
2,6,2,3	10356335	1869171	1394693	251791
2,6,3,2	31515162	5665373	5779619	1039183
2,6,4	6427451	1151931	648240	116265
2,7,2,2	6298867	1128473	1180339	211492
2,7,3	2952995	527439	374007	66835
2,8,2	670338	119335	119335	21249
2,9	19428	3447	1018	181
3,2,2,2,2,2,2,2	8370786124	1148675284	1602385319	219893755
3,2,2,2,2,2,3	1661565538	227982932	227982932	31284342
3,2,2,2,2,3,2	2321988186	318507572	435057498	59681272
3,2,2,2,2,4	255896783	35096491	27515848	3774566
3,2,2,2,3,2,2	2384936899	326935839	453184313	62128731
3,2,2,2,3,3	603609671	82722877	81031281	11107411
3,2,2,2,4,2	458383250	62797728	84561114	11586198
3,2,2,2,5	33716238	4617918	2985738	409102
3,2,2,3,2,2,2	2407945743	329593461	459869786	62950370
3,2,2,3,2,3	481135485	65840849	65496625	8964641
3,2,2,3,3,2	869438890	118893010	161518084	22090328
3,2,2,3,4	116282927	15895243	12266403	1677513
3,2,2,4,2,2	479856914	65574952	90739137	12401637
3,2,2,4,3	147663971	20166709	19463681	2659187
3,2,2,5,2	73757516	10067288	13442119	1835101
3,2,2,6	3995961	545117	300918	41084
3,2,3,2,2,2,2	2417661043	329201301	462347918	62960288
3,2,3,2,2,3	481135485	65496625	65840849	8964641
3,2,3,2,3,2	679342730	92418226	127007795	17280759
3,2,3,2,4	75101586	10213068	8015480	1090476
3,2,3,3,2,2	904270762	122855472	171423446	23293404
3,2,3,3,3	231554563	31436771	30753759	4177035
3,2,3,4,2	214469927	29092233	39274454	5328770
3,2,3,5	18571505	2517267	1618293	219555
3,2,4,2,2,2	487998049	66141317	93043143	12612373
3,2,4,2,3	97926320	13265772	13265772	1797764
3,2,4,3,2	217960684	29484658	40258546	5447358
3,2,4,4	34347586	4641942	3562167	481823
3,2,5,2,2	78532253	10607341	14793955	1998637
3,2,5,3	28482238	3841898	3695092	498720
3,2,6,2	10356335	1394693	1869171	251791
3,2,7	439402	59080	28786	3876
3,3,2,2,2,2,2	3038467238	408022434	581374837	78076087
3,3,2,2,2,3	603609671	81031281	82722877	11107411
3,3,2,2,3,2	846689386	113579696	158468613	21260999
3,3,2,2,4	93362834	12518156	10011011	1342875
3,3,2,3,2,2	879316756	117784572	166909368	22360844
3,3,2,3,3	223227255	29878683	29878683	4000911
3,3,2,4,2	170291750	22771772	31358549	4194329
3,3,2,5	12552119	1677131	1103993	147629
3,3,3,2,2,2	1154655978	153445508	220269770	29276706
3,3,3,2,3	231554563	30753759	31436771	4177035
3,3,3,3,2	426394479	56526417	79017753	10478335
3,3,3,4	57457478	7607796	5994341	794475
3,3,4,2,2	286752005	37843779	54095070	7141028
3,3,4,3	89595724	11805378	11683358	1540652
3,3,5,2	52733624	6924664	9550360	1254602
3,3,6	3292782	431164	243794	31978
3,4,2,2,2,2	740988542	97727548	141590113	18676507
3,4,2,2,3	147663971	19463681	20166709	2659187
3,4,2,3,2	210084046	27657218	39202905	5162243
3,4,2,4	23248873	3057907	2470248	325172
3,4,3,2,2	346005210	45189392	65452084	8550466
3,4,3,3	89595724	11683358	11805378	1540652
3,4,4,2	98409743	12762357	17913582	2324170
3,4,5	9816145	1267631	837917	108387
3,5,2,2,2	141215546	18335598	26879723	3490817
3,5,2,3	28482238	3695092	3841898	498720
3,5,3,2	75623179	9738951	13898106	1790584
3,5,4	13710610	1756288	1391099	178457
3,6,2,2	22387389	2867955	4201076	538348
3,6,3	9347211	1190359	1190359	151749
3,7,2	2952995	374007	527439	66835
3,8	113400	14280	6585	833
4,2,2,2,2,2,2	1289104000	138646821	246723544	26537809
4,2,2,2,2,3	255896783	27515848	35096491	3774566
4,2,2,2,3,2	357941644	38462548	67035173	7204398
4,2,2,2,4	39430155	4235561	4235561	455161
4,2,2,3,2,2	368744903	39561443	70037667	7515293
4,2,2,3,3	93362834	10011011	12518156	1342875
4,2,2,4,2	70946184	7600870	13077363	1401439
4,2,2,5	5215831	558490	460701	49366
4,2,3,2,2,2	375488547	40094764	71682676	7655483
4,2,3,2,3	75101586	8015480	10213068	1090476
4,2,3,3,2	136160207	14512598	25273033	2694565
4,2,3,4	18223283	1941008	1917352	204412
4,2,4,2,2	75299601	8008194	14227521	1513549
4,2,4,3	23248873	2470248	3057907	325172
4,2,5,2	11628757	1233588	2116941	224664
4,2,6	630647	66809	47216	5009
4,3,2,2,2,2	584013568	61648333	111633761	11785994
4,3,2,2,3	116282927	12266403	15895243	1677513
4,3,2,3,2	164826115	17359785	30780797	3242925
4,3,2,4	18223283	1917352	1941008	204412
4,3,3,2,2	223145363	23318799	42251390	4416775
4,3,3,3	57457478	5994341	7607796	794475
4,3,4,2	53614983	5565797	9797546	1017674
4,3,5	4654235	481395	400595	41507
4,4,2,2,2	170510993	17704105	32474773	3372840
4,4,2,3	34347586	3562167	4641942	481823
4,4,3,2	77779957	7996448	14331860	1474327
4,4,4	12315532	1258501	1258501	128841
4,5,2,2	37426880	3827154	7034024	719624
4,5,3	13710610	1391099	1756288	178457
4,6,2	6427451	648240	1151931	116265
4,7	342248	34293	22212	2241
5,2,2,2,2,2	169757205	15041959	32472375	2877773
5,2,2,2,3	33716238	2985738	4617918	409102
5,2,2,3,2	47358111	4187003	8857306	783330
5,2,2,4	5215831	460701	558490	49366
5,2,3,2,2	49429983	4352827	9376476	825938
5,2,3,3	12552119	1103993	1677131	147629
5,2,4,2	9580511	840723	1762055	154705
5,2,5	705005	61769	61769	5417
5,3,2,2,2	92490165	8070479	17630779	1538933
5,3,2,3	18571505	1618293	2517267	219555
5,3,3,2	34532058	2986882	6387643	552875
5,3,4	4654235	400595	481395	41507
5,4,2,2	31237011	2687823	5881984	506426
5,4,3	9816145	837917	1267631	108387
5,5,2	7470787	634315	1344445	114257
5,6	584820	49374	42907	3653
6,2,2,2,2	20049075	1511965	3829088	288851
6,2,2,3	3995961	300918	545117	41084
6,2,3,2	5705694	428200	1063387	79850
6,2,4	630647	47216	66809	5009
6,3,2,2	12668615	943857	2392872	178391
6,3,3	3292782	243794	431164	31978
6,4,2	4682383	344968	847865	62530
6,5	584820	42907	49374	3653
7,2,2,2	2175610	142922	413675	27191
7,2,3	439402	28786	59080	3876
7,3,2	1510433	98331	276468	18018
7,4	342248	22212	34293	2241
8,2,2	217703	12680	40739	2375
8,3	113400	6585	14280	833
9,2	19428	1018	3447	181
10	441	21	21	1
