1 8 1
2 10 2
2 12 2
3 12 6
3 14 8
3 15 4
3 16 2
4 12 1
4 14 18
4 15 8
4 16 28
4 17 21
4 18 24
4 19 8
4 20 2
5 14 8
5 15 4
5 16 55
5 17 60
5 18 116
5 19 100
5 20 145
5 21 84
5 22 52
5 23 12
5 24 2
6 14 2
6 16 40
6 17 58
6 18 186
6 19 300
6 20 570
6 21 510
6 22 742
6 23 620
6 24 458
6 25 236
6 26 92
6 27 16
6 28 2
7 16 22
7 17 20
7 18 170
7 19 404
7 20 864
7 21 1384
7 22 2692
7 23 3012
7 24 3744
7 25 3704
7 26 3438
7 27 2168
7 28 1292
7 29 516
7 30 140
7 31 20
7 32 2
8 16 6
8 17 5
8 18 130
8 19 288
8 20 854
8 21 2088
8 22 4666
8 23 7210
8 24 12431
8 25 16837
8 26 20690
8 27 21176
8 28 21729
8 29 17123
8 30 11960
8 31 6536
8 32 3046
8 33 940
8 34 200
8 35 24
8 36 2
9 16 1
9 18 72
9 19 152
9 20 684
9 21 2132
9 22 5344
9 23 10900
9 24 24155
9 25 40076
9 26 62770
9 27 88804
9 28 114945
9 29 125388
9 30 130684
9 31 116788
9 32 94752
9 33 62436
9 34 36016
9 35 16828
9 36 6225
9 37 1528
9 38 272
9 39 28
9 40 2
10 18 30
10 19 48
10 20 506
10 21 1654
10 22 4632
10 23 12992
10 24 32174
10 25 63624
10 26 126970
10 27 216356
10 28 340670
10 29 478876
10 30 628316
10 31 736906
10 32 789506
10 33 755010
10 34 668636
10 35 508422
10 36 344498
10 37 195088
10 38 96496
10 39 37760
10 40 11280
10 41 2340
10 42 356
10 43 32
10 44 2
11 18 8
11 19 16
11 20 298
11 21 972
11 22 3768
11 23 12076
11 24 33442
11 25 81668
11 26 185898
11 27 374564
11 28 703094
11 29 1179252
11 30 1867098
11 31 2653520
11 32 3500572
11 33 4253768
11 34 4741066
11 35 4790232
11 36 4481228
11 37 3747168
11 38 2842960
11 39 1878600
11 40 1095812
11 41 543908
11 42 230056
11 43 75480
11 44 18998
11 45 3396
11 46 452
11 47 36
11 48 2
12 18 2
12 20 151
12 21 524
12 22 2486
12 23 9580
12 24 30739
12 25 84477
12 26 223164
12 27 518884
12 28 1104476
12 29 2180318
12 30 3976698
12 31 6601780
12 32 10362729
12 33 14867879
12 34 19827396
12 35 24605800
12 36 28261864
12 37 29863552
12 38 29266646
12 39 26169734
12 40 21495975
12 41 15838460
12 42 10522966
12 43 6118796
12 44 3135682
12 45 1365574
12 46 494560
12 47 138764
12 48 30132
12 49 4756
12 50 560
12 51 40
12 52 2
13 20 68
13 21 192
13 22 1554
13 23 6796
13 24 23701
13 25 77928
13 26 230904
13 27 596864
13 28 1461950
13 29 3246404
13 30 6661962
13 31 12785416
13 32 22810042
13 33 37555092
13 34 58372070
13 35 84302484
13 36 113533120
13 37 142979396
13 38 168351436
13 39 184110852
13 40 187495542
13 41 176766448
13 42 154250074
13 43 123080096
13 44 89906050
13 45 58994028
13 46 34776132
13 47 17998340
13 48 8167838
13 49 3119288
13 50 976976
13 51 239116
13 52 45753
13 53 6428
13 54 680
13 55 44
13 56 2
14 20 22
14 21 62
14 22 886
14 23 4040
14 24 17048
14 25 63520
14 26 208418
14 27 616422
14 28 1665374
14 29 4102156
14 30 9497388
14 31 20339328
14 32 40425814
14 33 75432510
14 34 132489838
14 35 216404386
14 36 333359996
14 37 482749588
14 38 655852428
14 39 836621794
14 40 1003204224
14 41 1127789120
14 42 1187122556
14 43 1165988572
14 44 1068817598
14 45 907306200
14 46 712339236
14 47 511748180
14 48 335616808
14 49 197866316
14 50 104485186
14 51 48473270
14 52 19529400
14 53 6564344
14 54 1805172
14 55 391532
14 56 66774
14 57 8492
14 58 812
14 59 48
14 60 2
