1 6 1
2 8 3
3 9 2
3 10 9
4 10 3
4 11 12
4 12 29
5 11 6
5 12 21
5 13 66
5 14 93
6 12 14
6 13 43
6 14 153
6 15 298
6 16 306
7 12 1
7 13 30
7 14 111
7 15 366
7 16 840
7 17 1290
7 18 1014
8 13 6
8 14 69
8 15 291
8 16 957
8 17 2349
8 18 4299
8 19 5310
8 20 3408
9 14 27
9 15 166
9 16 803
9 17 2592
9 18 6734
9 19 13634
9 20 20469
9 21 21372
9 22 11562
10 14 3
10 15 86
10 16 492
10 17 2157
10 18 7484
10 19 19416
10 20 42963
10 21 72256
10 22 93747
10 23 84468
10 24 39599
11 15 24
11 16 255
11 17 1542
11 18 6111
11 19 21810
11 20 58164
11 21 133380
11 22 247974
11 23 364314
11 24 415422
11 25 330414
11 26 136623
12 15 2
12 16 117
12 17 801
12 18 4771
12 19 18608
12 20 63804
12 21 179186
12 22 417270
12 23 829725
12 24 1348139
12 25 1762933
12 26 1800147
12 27 1282260
12 28 474450
