1 8 1
2 10 2
2 12 2
3 12 6
3 14 8
3 15 4
3 16 2
4 12 1
4 14 18
4 15 8
4 16 28
4 17 21
4 18 24
4 19 8
4 20 2
5 14 8
5 15 4
5 16 55
5 17 60
5 18 116
5 19 100
5 20 145
5 21 84
5 22 52
5 23 12
5 24 2
6 14 2
6 16 40
6 17 58
6 18 186
6 19 300
6 20 570
6 21 510
6 22 742
6 23 620
6 24 458
6 25 236
6 26 92
6 27 16
6 28 2
7 16 22
7 17 20
7 18 170
7 19 404
7 20 864
7 21 1384
7 22 2692
7 23 3012
7 24 3744
7 25 3704
7 26 3438
7 27 2168
7 28 1292
7 29 516
7 30 140
7 31 20
7 32 2
8 16 6
8 17 5
8 18 130
8 19 288
8 20 854
8 21 2088
8 22 4666
8 23 7210
8 24 12431
8 25 16837
8 26 20690
8 27 21176
8 28 21729
8 29 17123
8 30 11960
8 31 6536
8 32 3046
8 33 940
8 34 200
8 35 24
8 36 2
9 16 1
9 18 72
9 19 152
9 20 684
9 21 2132
9 22 5344
9 23 10900
9 24 24155
9 25 40076
9 26 62770
9 27 88804
9 28 114945
9 29 125388
9 30 130684
9 31 116788
9 32 94752
9 33 62436
9 34 36016
9 35 16828
9 36 6225
9 37 1528
9 38 272
9 39 28
9 40 2
10 18 30
10 19 48
10 20 506
10 21 1654
10 22 4632
10 23 12992
10 24 32174
10 25 63624
10 26 126970
10 27 216356
10 28 340670
10 29 478876
10 30 628316
10 31 736906
10 32 789506
10 33 755010
10 34 668636
10 35 508422
10 36 344498
10 37 195088
10 38 96496
10 39 37760
10 40 11280
10 41 2340
10 42 356
10 43 32
10 44 2
11 18 8
11 19 16
11 20 298
11 21 972
11 22 3768
11 23 12076
11 24 33442
11 25 81668
11 26 185898
11 27 374564
11 28 703094
11 29 1179252
11 30 1867098
11 31 2653520
11 32 3500572
11 33 4253768
11 34 4741066
11 35 4790232
11 36 4481228
11 37 3747168
11 38 2842960
11 39 1878600
11 40 1095812
11 41 543908
11 42 230056
11 43 75480
11 44 18998
11 45 3396
11 46 452
11 47 36
11 48 2
12 18 2
12 20 151
12 21 524
12 22 2486
12 23 9580
12 24 30739
12 25 84477
12 26 223164
12 27 518884
12 28 1104476
12 29 2180318
12 30 3976698
12 31 6601780
12 32 10362729
12 33 14867879
12 34 19827396
12 35 24605800
12 36 28261864
12 37 29863552
12 38 29266646
12 39 26169734
12 40 21495975
12 41 15838460
12 42 10522966
12 43 6118796
12 44 3135682
12 45 1365574
12 46 494560
12 47 138764
12 48 30132
12 49 4756
12 50 560
12 51 40
12 52 2
