1 4 1
2 6 2
3 7 4
3 8 2
4 8 9
4 9 8
4 10 2
5 8 1
5 9 20
5 10 28
5 11 12
5 12 2
6 9 4
6 10 54
6 11 80
6 12 60
6 13 16
6 14 2
7 10 22
7 11 136
7 12 252
7 13 228
7 14 100
7 15 20
7 16 2
8 10 4
8 11 80
8 12 388
8 13 777
8 14 818
8 15 480
8 16 152
8 17 24
8 18 2
9 11 28
9 12 291
9 13 1152
9 14 2444
9 15 2804
9 16 2089
9 17 856
9 18 216
9 19 28
9 20 2
10 11 4
10 12 154
10 13 986
10 14 3676
10 15 7612
10 16 9750
10 17 8192
10 18 4330
10 19 1416
10 20 292
10 21 32
10 22 2
11 12 52
11 13 644
11 14 3530
11 15 11772
11 16 24472
11 17 33336
11 18 31202
11 19 19532
11 20 8130
11 21 2180
11 22 380
11 23 36
11 24 2
12 12 9
12 13 325
12 14 2644
12 15 12502
12 16 38694
12 17 79730
12 18 114342
12 19 115502
12 20 83183
12 21 41136
12 22 14064
12 23 3208
12 24 480
12 25 40
12 26 2
13 12 1
13 13 112
13 14 1660
13 15 10480
13 16 44574
13 17 129020
13 18 264482
13 19 391432
13 20 423786
13 21 337144
13 22 193820
13 23 79240
13 24 22993
13 25 4508
13 26 592
13 27 44
13 28 2
14 13 28
14 14 828
14 15 7508
14 16 41408
14 17 158532
14 18 437186
14 19 887404
14 20 1347560
14 21 1538558
14 22 1331170
14 23 859176
14 24 410302
14 25 142624
14 26 35664
14 27 6160
14 28 716
14 29 48
14 30 2
15 13 4
15 14 332
15 15 4608
15 16 33046
15 17 160296
15 18 566886
15 19 1497208
15 20 3014432
15 21 4655776
15 22 5565832
15 23 5144236
15 24 3662778
15 25 1978664
15 26 805740
15 27 242484
15 28 53286
15 29 8152
15 30 852
15 31 52
15 32 2
16 14 106
16 15 2406
16 16 23311
16 17 140111
16 18 615940
16 19 2031394
16 20 5185083
16 21 10325335
16 22 16192608
16 23 20054044
16 24 19633804
16 25 15125366
16 26 9086116
16 27 4207428
16 28 1487681
16 29 393736
16 30 76826
16 31 10584
16 32 1000
16 33 56
16 34 2
17 14 22
17 15 1104
17 16 14385
17 17 110132
17 18 581976
17 19 2346548
17 20 7313380
17 21 18091092
17 22 35693692
17 23 56587516
17 24 72212800
17 25 74161528
17 26 61122466
17 27 40085932
17 28 20749892
17 29 8377000
17 30 2609116
17 31 614816
17 32 107801
17 33 13424
17 34 1160
17 35 60
17 36 2
18 14 4
18 15 396
18 16 8146
18 17 77042
18 18 498510
18 19 2375948
18 20 8892252
18 21 26424552
18 22 63570106
18 23 124322284
18 24 198771190
18 25 260020876
18 26 278241194
18 27 242759710
18 28 171725416
18 29 97636026
18 30 44239618
18 31 15780916
18 32 4382132
18 33 928608
18 34 147426
18 35 16792
18 36 1332
18 37 64
18 38 2
19 15 124
19 16 3982
19 17 49820
19 18 386626
19 19 2185492
19 20 9568542
19 21 33581728
19 22 95790204
19 23 224749652
19 24 435951906
19 25 701526660
19 26 937190080
19 27 1038528312
19 28 952066016
19 29 718391056
19 30 443166310
19 31 221576912
19 32 88988542
19 33 28363508
19 34 7090716
19 35 1362772
19 36 197494
19 37 20636
19 38 1516
19 39 68
19 40 2
20 15 28
20 16 1730
20 17 29263
20 18 277540
20 19 1842286
20 20 9371179
20 21 38089751
20 22 126608106
20 23 348128020
20 24 799099308
20 25 1537756259
20 26 2487219956
20 27 3382206302
20 28 3863223002
20 29 3696468187
20 30 2950845400
20 31 1953171286
20 32 1064426530
20 33 473427096
20 34 170289758
20 35 48953476
20 36 11108759
20 37 1950048
20 38 259508
20 39 25096
20 40 1712
20 41 72
20 42 2
