1 1 1
2 1 1
2 2 1
3 1 1
3 3 1
4 1 1
4 2 1
4 3 1
4 4 1
5 1 1
5 3 2
5 5 1
6 1 1
6 2 1
6 3 4
6 4 2
6 5 1
6 6 1
7 1 1
7 3 5
7 5 3
7 7 1
8 1 1
8 2 1
8 3 9
8 4 5
8 5 4
8 6 3
8 7 1
8 8 1
9 1 1
9 3 10
9 5 8
9 7 4
9 9 1
10 1 1
10 2 1
10 3 18
10 4 8
10 5 17
10 6 8
10 7 5
10 8 4
10 9 1
10 10 1
11 1 1
11 3 19
11 5 22
11 7 12
11 9 5
11 11 1
12 1 1
12 2 1
12 3 35
12 4 15
12 5 46
12 6 24
12 7 19
12 8 12
12 9 6
12 10 5
12 11 1
12 12 1
13 1 1
13 3 36
13 5 53
13 7 36
13 9 17
13 11 6
13 13 1
14 1 1
14 2 1
14 3 66
14 4 22
14 5 121
14 6 47
14 7 77
14 8 38
14 9 25
14 10 17
14 11 7
14 12 6
14 13 1
14 14 1
15 1 1
15 3 67
15 5 124
15 7 99
15 9 56
15 11 23
15 13 7
15 15 1
16 1 1
16 2 1
16 3 123
16 4 39
16 5 289
16 6 117
16 7 222
16 8 107
16 9 95
16 10 58
16 11 32
16 12 23
16 13 8
16 14 7
16 15 1
16 16 1
17 1 1
17 3 124
17 5 286
17 7 259
17 9 162
17 11 82
17 13 30
17 15 8
17 17 1
18 1 1
18 2 1
18 3 228
18 4 56
18 5 683
18 6 210
18 7 667
18 8 262
18 9 353
18 10 170
18 11 130
18 12 84
18 13 40
18 14 30
18 15 9
18 16 8
18 17 1
18 18 1
19 1 1
19 3 229
19 5 648
19 7 659
19 9 470
19 11 256
19 13 115
19 15 38
19 17 9
19 19 1
20 1 1
20 2 1
20 3 421
20 4 97
20 5 1552
20 6 486
20 7 1727
20 8 682
20 9 1087
20 10 519
20 11 467
20 12 266
20 13 173
20 14 117
20 15 49
20 16 38
20 17 10
20 18 9
20 19 1
20 20 1
21 1 1
21 3 422
21 5 1453
21 7 1642
21 9 1265
21 11 776
21 13 386
21 15 156
21 17 47
21 19 10
21 21 1
22 1 1
22 2 1
22 3 776
22 4 138
22 5 3514
22 6 841
22 7 4608
22 8 1492
22 9 3394
22 10 1326
22 11 1691
22 12 826
22 13 658
22 14 398
22 15 225
22 16 158
22 17 59
22 18 47
22 19 11
22 20 10
22 21 1
22 22 1
23 1 1
23 3 777
23 5 3232
23 7 4041
23 9 3397
23 11 2242
23 13 1233
23 15 560
23 17 206
23 19 57
23 21 11
23 23 1
24 1 1
24 2 1
24 3 1429
24 4 237
24 5 7801
24 6 1875
24 7 11396
24 8 3713
24 9 9404
24 10 3754
24 11 5292
24 12 2466
24 13 2348
24 14 1295
24 15 904
24 16 574
24 17 287
24 18 208
24 19 70
24 20 57
24 21 12
24 22 11
24 23 1
24 24 1
25 1 1
25 3 1430
25 5 7140
25 7 9843
25 9 8793
25 11 6299
25 13 3723
25 15 1882
25 17 787
25 19 266
25 21 68
25 23 12
25 25 1
26 1 1
26 2 1
26 3 2630
26 4 336
26 5 17271
26 6 3182
26 7 28747
26 8 7676
26 9 26655
26 10 8817
26 11 16997
26 12 6810
26 13 8198
26 14 3980
26 15 3368
26 16 1958
26 17 1215
26 18 803
26 19 360
26 20 268
26 21 82
26 22 68
26 23 13
26 24 12
26 25 1
26 26 1
27 1 1
27 3 2631
27 5 15686
27 7 23792
27 9 22736
27 11 17261
27 13 11007
27 15 5967
27 17 2779
27 19 1077
27 21 337
27 23 80
27 25 13
27 27 1
28 1 1
28 2 1
28 3 4839
28 4 575
28 5 37844
28 6 6946
28 7 69440
28 8 18612
28 9 69941
28 10 23797
28 11 48819
28 12 19433
28 13 26159
28 14 12111
28 15 11798
28 16 6306
28 17 4723
28 18 2871
28 19 1602
28 20 1095
28 21 445
28 22 339
28 23 95
28 24 80
28 25 14
28 26 13
28 27 1
28 28 1
29 1 1
29 3 4840
29 5 34312
29 7 57158
29 9 57625
29 11 46407
29 13 31316
29 15 18272
29 17 9227
29 19 3990
29 21 1441
29 23 420
29 25 93
29 27 14
29 29 1
30 1 1
30 2 1
30 3 8902
30 4 814
30 5 82745
30 6 11651
30 7 169874
30 8 37232
30 9 187652
30 10 53234
30 11 144410
30 12 49516
30 13 84316
30 14 34285
30 15 40519
30 16 19622
30 17 17196
30 18 9664
30 19 6492
30 20 4100
30 21 2077
30 22 1461
30 23 543
30 24 422
30 25 109
30 26 93
30 27 15
30 28 14
30 29 1
30 30 1
31 1 1
31 3 8903
31 5 74781
31 7 136590
31 9 145941
31 11 123125
31 13 88149
31 15 54307
31 17 29368
31 19 13841
31 21 5592
31 23 1891
31 25 516
31 27 107
31 29 15
31 31 1
32 1 1
32 2 1
32 3 16375
32 4 1391
32 5 179858
32 6 25105
32 7 404695
32 8 88799
32 9 478003
32 10 139425
32 11 393849
32 12 136667
32 13 249614
32 14 100110
32 15 130106
32 16 59717
32 17 59699
32 18 31191
32 19 24539
32 20 14394
32 21 8766
32 22 5722
32 23 2653
32 24 1913
32 25 655
32 26 518
32 27 124
32 28 107
32 29 16
32 30 15
32 31 1
32 32 1
33 1 1
33 3 16376
33 5 162485
33 7 324943
33 9 365418
33 11 322553
33 13 241531
33 15 157468
33 17 90299
33 19 45756
33 21 20227
33 23 7674
33 25 2440
33 27 626
33 29 122
33 31 16
33 33 1
34 1 1
34 2 1
34 3 30120
34 4 1968
34 5 390310
34 6 41800
34 7 971632
34 8 173896
34 9 1240758
34 10 302634
34 11 1104711
34 12 330540
34 13 754563
34 14 265683
34 15 419983
34 16 173618
34 17 202243
34 18 97344
34 19 88033
34 20 48174
34 21 34362
34 22 20916
34 23 11649
34 24 7826
34 25 3344
34 26 2464
34 27 782
34 28 628
34 29 140
34 30 122
34 31 17
34 32 16
34 33 1
34 34 1
35 1 1
35 3 30121
35 5 352171
35 7 770069
35 9 913980
35 11 838975
35 13 657987
35 15 448780
35 17 271018
35 19 145679
35 21 69387
35 23 28895
35 25 10338
35 27 3102
35 29 751
35 31 138
35 33 17
35 35 1
36 1 1
36 2 1
36 3 55401
36 4 3361
36 5 844056
36 6 89320
36 7 2293859
36 8 410086
36 9 3105883
36 10 777121
36 11 2918699
36 12 891188
36 13 2125429
36 14 752931
36 15 1266461
36 16 510368
36 17 652596
36 18 297833
36 19 303106
36 20 155410
36 21 127319
36 22 72542
36 23 47307
36 24 29742
36 25 15259
36 26 10514
36 27 4165
36 28 3128
36 29 925
36 30 753
36 31 157
36 32 138
36 33 18
36 34 17
36 35 1
36 36 1
37 1 1
37 3 55402
37 5 761695
37 7 1818696
37 9 2269644
37 11 2163814
37 13 1759308
37 15 1255217
37 17 794124
37 19 450351
37 21 228484
37 23 102752
37 25 40460
37 27 13700
37 29 3892
37 31 892
37 33 155
37 35 18
37 37 1
38 1 1
38 2 1
38 3 101900
38 4 4754
38 5 1822989
38 6 148001
38 7 5440124
38 8 791312
38 9 7891830
38 10 1653174
38 11 7906137
38 12 2082636
38 13 6131284
38 14 1906551
38 15 3882722
38 16 1404318
38 17 2101424
38 18 879072
38 19 1018114
38 20 486832
38 21 451386
38 22 241686
38 23 180927
38 24 106808
38 25 64137
38 26 41489
38 27 19729
38 28 13902
38 29 5132
38 30 3920
38 31 1085
38 32 894
38 33 175
38 34 155
38 35 19
38 36 18
38 37 1
38 38 1
39 1 1
39 3 101901
39 5 1644522
39 7 4282517
39 9 5628829
39 11 5557980
39 13 4689248
39 15 3473897
39 17 2292987
39 19 1360387
39 21 728115
39 23 349586
39 25 148990
39 27 55656
39 29 17891
39 31 4826
39 33 1050
39 35 173
39 37 19
39 39 1
40 1 1
40 2 1
40 3 187425
40 4 8117
40 5 3928796
40 6 314515
40 7 12761366
40 8 1850919
40 9 19538029
40 10 4187232
40 11 20472102
40 12 5523542
40 13 16705966
40 14 5285559
40 15 11190293
40 16 4025764
40 17 6424052
40 18 2603595
40 19 3292607
40 20 1495217
40 21 1544217
40 22 779421
40 23 660136
40 24 367214
40 25 253026
40 26 154135
40 27 85751
40 28 56893
40 29 25208
40 30 18121
40 31 6262
40 32 4856
40 33 1263
40 34 1052
40 35 194
40 36 173
40 37 20
40 38 19
40 39 1
40 40 1
