
  n   asymmetric mirror_ortho  mirror_diag           C2           C4     D2_ortho      D2_diag           D4            sum note
  1            0            0            0            0            0            0            0            1              1 ok vs A030222
  2            0            0            0            0            0            1            1            0              2 ok vs A030222
  3            1            1            1            0            0            1            1            0              5 ok vs A030222
  4            8            3            3            4            0            1            1            2             22 ok vs A030222
  5           68            9            9            4            0            1            1            2             94 ok vs A030222
  6          439           24           23           28            0            5            5            0            524 ok vs A030222
  7         2872           61           60           28            0            5            5            0           3031 ok vs A030222
  8        18230          164          155          194            2           10           10            5          18770 ok vs A030222
  9       117126          399          388          195            2           10            9            4         118133 ok vs A030222
 10       754946         1076         1004         1291            0           32           32            0         758381 ok vs A030222
 11      4909229         2589         2480         1296            0           30           28            0        4915652 ok vs A030222
 12     32127085         7013         6467         8548           18           77           76           12       32149296 ok vs A030222
 13    211595641        16881        15963         8565           15           71           61            8      211637205 ok vs A030222
 14   1401049465        45875        41832        56865            0          215          211            0     1401194463 ok vs A030222
 15   9321183002       110866       103547        56834            0          189          166            0     9321454604 ok vs A030222
 16  62271374805       301976       272494       380060          121          546          530           32    62272330564 ok vs A030222
 17 417544893490       733339       677229       379072           92          467          388           19   417546684096 ok vs A030222
 18 2808891678794      2000760      1787823      2555179            0         1467         1415            0  2808898025438 ok vs A030222
 19 18951144432919      4881549      4460878      2543516            0         1213         1015            0 18951156321090 ok vs A030222

VALIDATED (classes sum to A030222 and reflections to (H+D)/2 on the overlap)
