# T(n,H): fixed polyplets (king-connected animals) of size n and
# bounding-box height exactly H, 1 <= H <= n <= 40.
# Columns: n H T(n,H).  Row sums give A006770.
# Assembled by scripts/assemble_triangle.py from
# results/ns_a40/perheight/hH.out; provenance in results/ns_a40/PROVENANCE.md.
# Checks enforced at assembly: every column carries rows n=H..40 (no
# defaulted zeros) and no duplicate n; sum_H T(n,H) = a(n) for all n
# (agreement with the combine output, NOT independent corroboration);
# T(n,n) = 3^(n-1) and T(n,n-1) = (25n-45)*3^(n-4) for all n >= 4
# (proven closed forms, independent of this data).
1 1 1
2 1 1
2 2 3
3 1 1
3 2 10
3 3 9
4 1 1
4 2 27
4 3 55
4 4 27
5 1 1
5 2 68
5 3 248
5 4 240
5 5 81
6 1 1
6 2 167
6 3 996
6 4 1480
6 5 945
6 6 243
7 1 1
7 2 406
7 3 3775
7 4 7898
7 5 7273
7 6 3510
7 7 729
8 1 1
8 2 983
8 3 13837
8 4 39119
8 5 47066
8 6 32193
8 7 12555
8 8 2187
9 1 1
9 2 2376
9 3 49676
9 4 185198
9 5 278240
9 6 241864
9 7 133326
9 8 43740
9 9 6561
10 1 1
10 2 5739
10 3 175964
10 4 850650
10 5 1558399
10 6 1631340
10 7 1134865
10 8 527094
10 9 149445
10 10 19683
11 1 1
11 2 13858
11 3 617789
11 4 3824200
11 5 8422286
11 6 10311170
11 7 8533676
11 8 5001114
11 9 2013255
11 10 503010
11 11 59049
12 1 1
12 2 33459
12 3 2156027
12 4 16922729
12 5 44372452
12 6 62471842
12 7 59434367
12 8 41336884
12 9 21039624
12 10 7487559
12 11 1673055
12 12 177147
13 1 1
13 2 80780
13 3 7493644
13 4 74000548
13 5 229332571
13 6 367493910
13 7 393543824
13 8 313029646
13 9 189262009
13 10 85389768
13 11 27261684
13 12 5511240
13 13 531441
14 1 1
14 2 195023
14 3 25972328
14 4 320659524
14 5 1167671359
14 6 2115284593
14 7 2516136965
14 8 2234817674
14 9 1544727695
14 10 829622715
14 11 336733767
14 12 97548948
14 13 18009945
14 14 1594323
15 1 1
15 2 470830
15 3 89842939
15 4 1379699712
15 5 5874715998
15 6 11972716752
15 7 15683719545
15 8 15308484950
15 9 11793556454
15 10 7251119572
15 11 3511995435
15 12 1296946890
15 13 344039157
15 14 58458510
15 15 4782969
16 1 1
16 2 1136687
16 3 310363225
16 4 5903624563
16 5 29271201169
16 6 66862623043
16 7 95904920644
16 8 101757872857
16 9 85849256593
16 10 58863947192
16 11 32703766750
16 12 14446874853
16 13 4897624662
16 14 1198596285
16 15 188661555
16 16 14348907
17 1 1
17 2 2744208
17 3 1071143992
17 4 25150677404
17 5 144687669852
17 6 369308536084
17 7 577719245153
17 8 661337991802
17 9 603392972436
17 10 452930356022
17 11 281054436836
17 12 142727058846
17 13 58015415862
17 14 18187039512
17 15 4132130922
17 16 605842740
17 17 43046721
18 1 1
18 2 6625107
18 3 3694368600
18 4 106773776116
18 5 710473784059
18 6 2021147613576
18 7 3438189032325
18 8 4224131600730
18 9 4130289887503
18 10 3348606811298
18 11 2277043672928
18 12 1293898414102
18 13 605908537758
18 14 228244737222
18 15 66567571389
18 16 14116135842
18 17 1937102445
18 18 129140163
19 1 1
19 2 15994426
19 3 12736006193
19 4 452027455240
19 5 3469435781222
19 6 10975452058596
19 7 20257323484797
19 8 26611876627714
19 9 27701775032858
19 10 24014057424024
19 11 17644523530186
19 12 11003764277892
19 13 5776897734667
19 14 2512138867830
19 15 882180009630
19 16 240601488426
19 17 47839787379
19 18 6170030010
19 19 387420489
20 1 1
20 2 38613963
20 3 43892151231
20 4 1909356781727
20 5 16863281286022
20 6 59204157481772
20 7 118344693863313
20 8 165789452595498
20 9 182837842220785
20 10 168184063948895
20 11 132107598093637
20 12 89123929241486
20 13 51437609215985
20 14 25124129020857
20 15 10204408045521
20 16 3357266652450
20 17 860061675780
20 18 160989953571
20 19 19586258055
20 20 1162261467
21 1 1
21 2 93222356
21 3 151231714240
21 4 8050427299808
21 5 81640592090589
21 6 317531017597242
21 7 686360974873648
21 8 1023295051003172
21 9 1191320560806893
21 10 1156057832032848
21 11 962797249464752
21 12 694918765309300
21 13 434488576945172
21 14 233701237739494
21 15 106805460671316
21 16 40713857307270
21 17 12603225135159
21 18 3044407243896
21 19 538370990640
21 20 61987278240
21 21 3486784401
22 1 1
22 2 225058679
22 3 520991378956
22 4 33892985448916
22 5 393917133975378
22 6 1694546915214127
22 7 3955580017179536
22 8 6266462678948104
22 9 7680860035709410
22 10 7828062099180138
22 11 6867740599560941
22 12 5257610926802452
22 13 3521085234178586
22 14 2054838878732818
22 15 1035856891052731
22 16 445051221055038
22 17 159885466474473
22 18 46741608386541
22 19 10682543902131
22 20 1790284428576
22 21 195647346945
22 22 10460353203
23 1 1
23 2 543339718
23 3 1794610982967
23 4 142521237368302
23 5 1895173182963164
23 6 9003876805981488
23 7 22670535737637311
23 8 38114972858288962
23 9 49087492875547087
23 10 52362241417256686
23 11 48146545977248522
23 12 38826609174639928
23 13 27605091155079103
23 14 17278818571437182
23 15 9464813564473094
23 16 4492550651512074
23 17 1821918690703296
23 18 619065902379384
23 19 171476427040101
23 20 37190476076922
23 21 5923271856321
23 22 615998577510
23 23 31381059609
24 1 1
24 2 1311738119
24 3 6181253559909
24 4 598721277602283
24 5 9095242974196751
24 6 47659090176840257
24 7 129297547335237714
24 8 230459750968252735
24 9 311380677426639570
24 10 346731419528897346
24 11 332788203319507784
24 12 281139741614975490
24 13 210692983396251014
24 14 140166422140948001
24 15 82463515269090962
24 16 42594477635772598
24 17 19111727676683781
24 18 7341277871834586
24 19 2366766584663400
24 20 622949185403595
24 21 128559328810578
24 22 19507783882617
24 23 1935165342555
24 24 94143178827
25 1 1
25 2 3166815960
25 3 21289197346820
25 4 2513177361030402
25 5 43556120823729954
25 6 251419543002787484
25 7 734233519857407741
25 8 1386194792641478052
25 9 1962555206744783639
25 10 2276612251171343020
25 11 2273480557956922883
25 12 2003044942843944054
25 13 1573134737210737385
25 14 1104184694723970106
25 15 691293861738937174
25 16 384025992867882686
25 17 187767529262410933
25 18 79909931154646710
25 19 29162802744502056
25 20 8945394666328278
25 21 2243103228616860
25 22 441543992247720
25 23 63979394394438
25 24 6067004857740
25 25 282429536481
26 1 1
26 2 7645370043
26 3 73320520598900
26 4 10542367779650950
26 5 208199112383670263
26 6 1322384421950443740
26 7 4153334064267502957
26 8 8299155301529429322
26 9 12300320171624323937
26 10 14840831991106408895
26 11 15380539061225928243
26 12 14080920648821923634
26 13 11534136714260148848
26 14 8490578913536448064
26 15 5614506356004078534
26 16 3323155898057126432
26 17 1749771804351434045
26 18 812535748702976061
26 19 328955126114745702
26 20 114364201639397418
26 21 33460151071547520
26 22 8011989355051152
26 23 1507609511436393
26 24 209032724839950
26 25 18985541063445
26 26 847288609443
27 1 1
27 2 18457556050
27 3 252510965948773
27 4 44199889094415720
27 5 993596126612962808
27 6 6936919760955058324
27 7 23412784799862538540
27 8 49480587652706460810
27 9 76711533343610735564
27 10 96146895598552147360
27 11 103197416395602992033
27 12 97879524792841157732
27 13 83294001550584469979
27 14 63986427407097237332
27 15 44416775012217775973
27 16 27798973373501478242
27 17 15614430359151357239
27 18 7817976479588367238
27 19 3457812419079436359
27 20 1335178050977979288
27 21 443261201863044429
27 22 123975931803604074
27 23 28407087695909088
27 24 5119917505171578
27 25 680561039740383
27 26 59310202661010
27 27 2541865828329
28 1 1
28 2 44560482147
28 3 869614657637379
28 4 185231175230659181
28 5 4735144536271384982
28 6 36303727964272031752
28 7 131569197052147535290
28 8 293905011311265016690
28 9 476308559999427807159
28 10 619535128383818723561
28 11 687555497019468623265
28 12 673956155133377902405
28 13 593878797488845167971
28 14 474128250726563452491
28 15 343733831675681363476
28 16 226062958310935838176
28 17 134417487965477643619
28 18 71877874772392940643
28 19 34317502124615571106
28 20 14493191389699173957
28 21 5349974528616440517
28 22 1699715196284441283
28 23 455379677866448307
28 24 100039496892873408
28 25 17301541973590656
28 26 2208609435634623
28 27 184991346395055
28 28 7625597484987
29 1 1
29 2 107578520348
29 3 2994799726222996
29 4 775980963395462924
29 5 22538600837981849806
29 6 189592180646136421772
29 7 737279613584455848150
29 8 1739824568618247092408
29 9 2945739739773358493931
29 10 3973095044876303097502
29 11 4553115467895972698653
29 12 4603217138599192540946
29 13 4188732507058019218236
29 14 3463321502722058930502
29 15 2611110015255604740530
29 16 1795111626265027715356
29 17 1122769428042637253575
29 18 636255557111930718092
29 19 324790356631486274300
29 20 148231633287899384256
29 21 59910695883951996339
29 22 21185845549690646358
29 23 6453893660185442088
29 24 1659357104760988830
29 25 350111531088339525
29 26 58199722266887784
29 27 7146220418399916
29 28 576156254421240
29 29 22876792454961
30 1 1
30 2 259717522847
30 3 10313468352144720
30 4 3249825863071787448
30 5 107166283543642782291
30 6 988256215090531169773
30 7 4121000224002873400688
30 8 10267513629256157034944
30 9 18152794051257369174796
30 10 25371838055496635016316
30 11 29992371889088683625144
30 12 31223147161898632475058
30 13 29272272110352933133572
30 14 24991965182474084242321
30 15 19523757018862269197911
30 16 13969442417594351366268
30 17 9142099138689979555656
30 18 5455070058849476986528
30 19 2954110296739891764128
30 20 1443010407311300007988
30 21 630912561667536531033
30 22 244523831533899945399
30 23 82991526941950425945
30 24 24284696480810394498
30 25 6002103579030251379
30 26 1218250319620120335
30 27 194948120760940575
30 28 23058677076454764
30 29 1792015408971945
30 30 68630377364883
31 1 1
31 2 627013566046
31 3 35517215236163059
31 4 13607051721068497444
31 5 509078614050101751877
31 6 5142594169900359126364
31 7 22980908916605415581654
31 8 60423360290733404200998
31 9 111500580695956419666937
31 10 161407351802386519208664
31 11 196648351191947045826077
31 12 210514131327503379271576
31 13 202947367394210761819387
31 14 178474135249643187117056
31 15 144021261377239653629275
31 16 106848447386284024770292
31 17 72837427176953272756444
31 18 45518261981941858305944
31 19 25980777373832690315657
31 20 13476628255738123866262
31 21 6312683044683280162504
31 22 2649240404070307246620
31 23 986395670303750423793
31 24 321868510355182422366
31 25 90616190795389057914
31 26 21562631736877138140
31 27 4216424053861317231
31 28 650445661948239594
31 29 74212597153429965
31 30 5566686164040510
31 31 205891132094649
32 1 1
32 2 1513744654943
32 3 122312577768091569
32 4 56961530767473452711
32 5 2416335170663199451864
32 6 26719738365477003702073
32 7 127883905435655065079655
32 8 354673430692533128541503
32 9 682838563293129806531095
32 10 1023295943574404671076057
32 11 1284026067069499645081703
32 12 1411908287511908078216903
32 13 1397425661714485393532720
32 14 1263115358683490742177858
32 15 1050104490585036600589030
32 16 805211141619772151462059
32 17 569579285523233406028051
32 18 371092643133615870167145
32 19 222037213145303005489339
32 20 121507773432815574458792
32 21 60496763632561182774506
32 22 27225482506762772613606
32 23 10986361835799621290229
32 24 3936217891912703140167
32 25 1236805346679039793449
32 26 335509740982354085532
32 27 76974374496400423362
32 28 14520871504452778209
32 29 2162294527251121614
32 30 238277044613388789
32 31 17271978303495555
32 32 617673396283947
33 1 1
33 2 3654502875936
33 3 421213188380527344
33 4 238412112510964107224
33 5 11460898842085523748409
33 6 138638721908972669277580
33 7 710278403247763448839089
33 8 2076965284032242825200188
33 9 4170361728355939855956322
33 10 6467258527582383038406650
33 11 8353130722304215904016193
33 12 9425960335921815391978816
33 13 9564840441119839473276205
33 14 8870006361385046660256808
33 15 7579867369751051783344562
33 16 5990685115398932368556428
33 17 4382793740312244017806517
33 18 2965403643769893816836542
33 19 1851392394172366952982798
33 20 1063017698873182965322124
33 21 558865928667766384033421
33 22 267567344516616416852062
33 23 115884873750651214854276
33 24 45037004666242716991998
33 25 15550573140331312438746
33 26 4711817017322026852086
33 27 1233293390558748630684
33 28 273165622892982549486
33 29 49776921670896343314
33 30 7163688120372192888
33 31 763337559442168674
33 32 53531694344608740
33 33 1853020188851841
34 1 1
34 2 8822750406819
34 3 1450547121316690736
34 4 997738306231538048056
34 5 54325938673309776005354
34 6 718450867038312966264504
34 7 3938007987492904266811062
34 8 12136378135639937908810168
34 9 25406165739609109253893844
34 10 40756412152266215827765016
34 11 54159404667976998554266361
34 12 62670808373359868559352846
34 13 65125540284467338650988595
34 14 61866157347759886121825501
34 15 54235518293248262678336909
34 16 44075625952411715905525520
34 17 33255837131885526055333731
34 18 23288787870043631158670332
34 19 15111742807653801090985593
34 20 9061341124316405172057950
34 21 5002581174202331698460002
34 22 2531214280334205695134436
34 23 1167265695441145358152351
34 24 487286890123087057884426
34 25 182652546462335637272478
34 26 60863544290648528714052
34 27 17807197708330934888844
34 28 4502990884375275679854
34 29 964076818028408805330
34 30 169895606813568532170
34 31 23657686681679437077
34 32 2440297953560629818
34 33 165742361336192445
34 34 5559060566555523
35 1 1
35 2 21300003689578
35 3 4995293941753375065
35 4 4175005049966977184112
35 5 257368780003385544633055
35 6 3718957285615983843117584
35 7 21798347545222036195415111
35 8 70775346508591173715739954
35 9 154418249235663499415998558
35 10 256170494906753790777605360
35 11 350090756320493716310136181
35 12 415159322662825982437715206
35 13 441385293756993693318713101
35 14 428939658109157253820488574
35 15 385104904790171562963838626
35 16 321137142481660483906545452
35 17 249275765965846376077032610
35 18 180152359823857046862682314
35 19 121081244529132538941157409
35 20 75518035463847720292413552
35 21 43575275424260085198846849
35 22 23171984177741390734335158
35 23 11302231433302167372053753
35 24 5027718888053073486262764
35 25 2025910707704875512641592
35 26 733401490291045884563724
35 27 236147986974657426433272
35 28 66796357525598147463180
35 29 16338026007597134953359
35 30 3384983990564565744222
35 31 577529543878962963570
35 32 77894792005368556170
35 33 7786047681668611467
35 34 512668918915676010
35 35 16677181699666569
36 1 1
36 2 51422757785979
36 3 17202429393149837639
36 4 17468592122673825829363
36 5 1218690359963499170272024
36 6 19231039210859731542532750
36 7 120483273959329312517694999
36 8 411978131283172348004997626
36 9 936542798408949825053453305
36 10 1606231555541323527183121631
36 11 2256748681956746690925494475
36 12 2741152205324617233958469996
36 13 2979220402477908294524248155
36 14 2958431516488782774352129383
36 15 2716149032655917179237430475
36 16 2319921447242520055171664952
36 17 1848601374963391246942469386
36 18 1375243914635422292588965219
36 19 954543410624801880699125196
36 20 617106574276148286251699568
36 21 370662558309766127292835233
36 22 206170745618188078237908398
36 23 105767663082981556782445241
36 24 49802601845517580926757996
36 25 21400228080434589037073541
36 26 8334217287643383057173976
36 27 2917453961622875974502715
36 28 908809232916031590747384
36 29 248809784465074310240553
36 30 58929688327776835299597
36 31 11827696308664871166885
36 32 1955745481890214165518
36 33 255754883546589053052
36 34 24796498493819052315
36 35 1584332261468324055
36 36 50031545098999707
37 1 1
37 2 124145519261540
37 3 59240428077487886088
37 4 73084678479595209909360
37 5 5768262041162268365409643
37 6 99353407909848163932879914
37 7 665024539373893300778388766
37 8 2394005883371973087066838792
37 9 5668835369713613776068345420
37 10 10048735785756280528938461062
37 11 14510407814117663285430551704
37 12 18044921507362976355533168878
37 13 20035295513409935776124349182
37 14 20310017573126970334595063862
37 15 19043762337040959465833806541
37 16 16633739542223241485797538124
37 17 13580486568475830077211495674
37 18 10376706075932515005271111720
37 19 7418664369542642927200487045
37 20 4956437442714322066925263218
37 21 3088116532240663753100466552
37 22 1789337957103928389914572136
37 23 960872649499611634617388174
37 24 476222071911467914867327506
37 25 216761708659294196806446100
37 26 90085142616627520793456208
37 27 33948131096423436378558480
37 28 11504570727881120522518332
37 29 3470917746974996864000646
37 30 920719724454765811154502
37 31 211378580755653053281356
37 32 41140424229686646344406
37 33 6599255617779055509987
37 34 837511258140398183832
37 35 78833243785455966312
37 36 4891973298568860240
37 37 150094635296999121
38 1 1
38 2 299713796309063
38 3 204007606335999703732
38 4 305751126217229144583888
38 5 27291836262798850586914411
38 6 512859007169632836574525753
38 7 3666087474223878261350605212
38 8 13889577718740387372640408640
38 9 34249820631802413991058000992
38 10 62734843092813175220520771962
38 11 93079785232934679267869388931
38 12 118466391711120774248036247394
38 13 134294524107383096873764418860
38 14 138855967482884622114446335497
38 15 132822370023825813886272405760
38 16 118472998289393216160238953726
38 17 98940305955272818246167569670
38 18 77494577433826485631230562850
38 19 56937047594361225068799573668
38 20 39207474138446972682720171554
38 21 25262080143961999373255793104
38 22 15194228798887114342965900210
38 23 8505713267602095540716166565
38 24 4415798153086364928090741638
38 25 2117045402320488291101904275
38 26 932620467248244427723941027
38 27 375302981708455046944189401
38 28 137006735418747953551088604
38 29 44996055469083738027382284
38 30 13161337126386121413315288
38 31 3386128558397367488067063
38 32 754262094952135459391382
38 33 142487814635043478593453
38 34 22192788950419113813537
38 35 2735736301532739004299
38 36 250217022141041793912
38 37 15092849438198244945
38 38 450283905890997363
39 1 1
39 2 723573111879670
39 3 702545359712853463983
39 4 1279050843784022236860802
39 5 129085084540242693690379620
39 6 2645339510202306053185264958
39 7 20186653796091784985258210889
39 8 80466384682022230987007162120
39 9 206574259950586515293655708653
39 10 390897633669178723043140490090
39 11 595779568342322168233360930456
39 12 775804589398322058411188658532
39 13 897485551039779962168345041004
39 14 945831173910764129994118749184
39 15 922064729232690210990745041309
39 16 838855507653853255897698586682
39 17 715528403488751857600231968193
39 18 573486663990895869125614717072
39 19 432142480933212110482244856099
39 20 305997488346556404027895440838
39 21 203342057467470725522863434005
39 22 126561805084439022828507524182
39 23 73593578944746874408267467610
39 24 39855827398943917208656353418
39 25 20029030415976318128336407820
39 26 9299730798107170785360030808
39 27 3969476679134509916946364656
39 28 1548395571695943777341674428
39 29 548133240381103362687816861
39 30 174633702787092322915554114
39 31 49570431558867189010554336
39 32 12380866286432974485810642
39 33 2678230083861795259362132
39 34 491510112162604168671360
39 35 74395275951246689065545
39 36 8915276949408130804506
39 37 792961076395179467289
39 38 46529336942069727510
39 39 1350851717672992089
40 1 1
40 2 1746860020068407
40 3 2419369854427749522365
40 4 5350439537095151311678183
40 5 610368200114680297664171180
40 6 13635239341813228735098460369
40 7 111035137324896523751239398006
40 8 465528145242248536226720728721
40 9 1243934910712656307542433402365
40 10 2431255947941571422066380818538
40 11 3805720842732391273809508781840
40 12 5068880678792963509256398287546
40 13 5981645254864746679671543482206
40 14 6421250021867951738000921236255
40 15 6374412577120147022430261962743
40 16 5908452097354911220916654388822
40 17 5140790021321717364748374654418
40 18 4209726451267585301668763319533
40 19 3247572468599336484342102174163
40 20 2359769260803281210360136128699
40 21 1613457978443478071138613405555
40 22 1036374142845705722815141821285
40 23 624022655859072294428618062228
40 24 351269152616432930163117009906
40 25 184265041867569186198215286920
40 26 89738450015816790329906273587
40 27 40397094232064445666534976009
40 28 16724432197930235875086319641
40 29 6330004954075835777839906782
40 30 2175051912943059220286006775
40 31 672859548584420700423098772
40 32 185515129310093418751858116
40 33 45020723858282897515374525
40 34 9465785098942037026159422
40 35 1688999770099402820172396
40 36 248639909528376343574055
40 37 28988633422018953978570
40 38 2509287671955797860401
40 39 143340376708634160555
40 40 4052555153018976267
