# T(n,H) assembled, n=1..24. H=1-15 reused from the 2026-06-30 perf-audit probe
# (dalby, rev 5fadde3, byte-verified against results/ns_a23 pinning data);
# H=16 freshly swept (this run); H=1,2,17-24 closed-form (recomputed fresh as
# a cross-check -- H1,H2 byte-identical to the reused probe values).
1 1 1
2 1 1
2 2 3
3 1 1
3 2 10
3 3 9
4 1 1
4 2 27
4 3 55
4 4 27
5 1 1
5 2 68
5 3 248
5 4 240
5 5 81
6 1 1
6 2 167
6 3 996
6 4 1480
6 5 945
6 6 243
7 1 1
7 2 406
7 3 3775
7 4 7898
7 5 7273
7 6 3510
7 7 729
8 1 1
8 2 983
8 3 13837
8 4 39119
8 5 47066
8 6 32193
8 7 12555
8 8 2187
9 1 1
9 2 2376
9 3 49676
9 4 185198
9 5 278240
9 6 241864
9 7 133326
9 8 43740
9 9 6561
10 1 1
10 2 5739
10 3 175964
10 4 850650
10 5 1558399
10 6 1631340
10 7 1134865
10 8 527094
10 9 149445
10 10 19683
11 1 1
11 2 13858
11 3 617789
11 4 3824200
11 5 8422286
11 6 10311170
11 7 8533676
11 8 5001114
11 9 2013255
11 10 503010
11 11 59049
12 1 1
12 2 33459
12 3 2156027
12 4 16922729
12 5 44372452
12 6 62471842
12 7 59434367
12 8 41336884
12 9 21039624
12 10 7487559
12 11 1673055
12 12 177147
13 1 1
13 2 80780
13 3 7493644
13 4 74000548
13 5 229332571
13 6 367493910
13 7 393543824
13 8 313029646
13 9 189262009
13 10 85389768
13 11 27261684
13 12 5511240
13 13 531441
14 1 1
14 2 195023
14 3 25972328
14 4 320659524
14 5 1167671359
14 6 2115284593
14 7 2516136965
14 8 2234817674
14 9 1544727695
14 10 829622715
14 11 336733767
14 12 97548948
14 13 18009945
14 14 1594323
15 1 1
15 2 470830
15 3 89842939
15 4 1379699712
15 5 5874715998
15 6 11972716752
15 7 15683719545
15 8 15308484950
15 9 11793556454
15 10 7251119572
15 11 3511995435
15 12 1296946890
15 13 344039157
15 14 58458510
15 15 4782969
16 1 1
16 2 1136687
16 3 310363225
16 4 5903624563
16 5 29271201169
16 6 66862623043
16 7 95904920644
16 8 101757872857
16 9 85849256593
16 10 58863947192
16 11 32703766750
16 12 14446874853
16 13 4897624662
16 14 1198596285
16 15 188661555
16 16 14348907
17 1 1
17 2 2744208
17 3 1071143992
17 4 25150677404
17 5 144687669852
17 6 369308536084
17 7 577719245153
17 8 661337991802
17 9 603392972436
17 10 452930356022
17 11 281054436836
17 12 142727058846
17 13 58015415862
17 14 18187039512
17 15 4132130922
17 16 605842740
17 17 43046721
18 1 1
18 2 6625107
18 3 3694368600
18 4 106773776116
18 5 710473784059
18 6 2021147613576
18 7 3438189032325
18 8 4224131600730
18 9 4130289887503
18 10 3348606811298
18 11 2277043672928
18 12 1293898414102
18 13 605908537758
18 14 228244737222
18 15 66567571389
18 16 14116135842
18 17 1937102445
18 18 129140163
19 1 1
19 2 15994426
19 3 12736006193
19 4 452027455240
19 5 3469435781222
19 6 10975452058596
19 7 20257323484797
19 8 26611876627714
19 9 27701775032858
19 10 24014057424024
19 11 17644523530186
19 12 11003764277892
19 13 5776897734667
19 14 2512138867830
19 15 882180009630
19 16 240601488426
19 17 47839787379
19 18 6170030010
19 19 387420489
20 1 1
20 2 38613963
20 3 43892151231
20 4 1909356781727
20 5 16863281286022
20 6 59204157481772
20 7 118344693863313
20 8 165789452595498
20 9 182837842220785
20 10 168184063948895
20 11 132107598093637
20 12 89123929241486
20 13 51437609215985
20 14 25124129020857
20 15 10204408045521
20 16 3357266652450
20 17 860061675780
20 18 160989953571
20 19 19586258055
20 20 1162261467
21 1 1
21 2 93222356
21 3 151231714240
21 4 8050427299808
21 5 81640592090589
21 6 317531017597242
21 7 686360974873648
21 8 1023295051003172
21 9 1191320560806893
21 10 1156057832032848
21 11 962797249464752
21 12 694918765309300
21 13 434488576945172
21 14 233701237739494
21 15 106805460671316
21 16 40713857307270
21 17 12603225135159
21 18 3044407243896
21 19 538370990640
21 20 61987278240
21 21 3486784401
22 1 1
22 2 225058679
22 3 520991378956
22 4 33892985448916
22 5 393917133975378
22 6 1694546915214127
22 7 3955580017179536
22 8 6266462678948104
22 9 7680860035709410
22 10 7828062099180138
22 11 6867740599560941
22 12 5257610926802452
22 13 3521085234178586
22 14 2054838878732818
22 15 1035856891052731
22 16 445051221055038
22 17 159885466474473
22 18 46741608386541
22 19 10682543902131
22 20 1790284428576
22 21 195647346945
22 22 10460353203
23 1 1
23 2 543339718
23 3 1794610982967
23 4 142521237368302
23 5 1895173182963164
23 6 9003876805981488
23 7 22670535737637311
23 8 38114972858288962
23 9 49087492875547087
23 10 52362241417256686
23 11 48146545977248522
23 12 38826609174639928
23 13 27605091155079103
23 14 17278818571437182
23 15 9464813564473094
23 16 4492550651512074
23 17 1821918690703296
23 18 619065902379384
23 19 171476427040101
23 20 37190476076922
23 21 5923271856321
23 22 615998577510
23 23 31381059609
24 1 1
24 2 1311738119
24 3 6181253559909
24 4 598721277602283
24 5 9095242974196751
24 6 47659090176840257
24 7 129297547335237714
24 8 230459750968252735
24 9 311380677426639570
24 10 346731419528897346
24 11 332788203319507784
24 12 281139741614975490
24 13 210692983396251014
24 14 140166422140948001
24 15 82463515269090962
24 16 42594477635772598
24 17 19111727676683781
24 18 7341277871834586
24 19 2366766584663400
24 20 622949185403595
24 21 128559328810578
24 22 19507783882617
24 23 1935165342555
24 24 94143178827
