1 2
2 5
3 12
4 29
5 70
6 169
7 408
8 985
9 2378
10 5741
11 13860
12 33461
13 80782
14 195025
15 470832
16 1136689
17 2744210
18 6625109
19 15994428
20 38613965
21 93222358
22 225058681
23 543339720
24 1311738121
25 1019332333
26 1202919158
27 1277687020
28 1610809569
29 204338900
30 2019487369
31 2095830009
32 1916180129
33 1633223009
34 887658889
35 1261057158
36 1262289576
37 1638152681
38 243627680
39 2125408041
40 199476504
41 376877420
42 953231344
43 135856479
44 1224944302
45 438261454
46 2101467210
47 346228616
48 646440813
49 1639110242
50 1777177668
51 898498320
52 1426690679
53 1604396049
54 340515519
55 137943458
56 616402435
57 1370748328
58 1210415462
59 1644095623
60 203639450
61 2051374523
62 11421238
63 2074216999
64 2012371607
65 1803992955
66 1325390259
67 159806215
68 1645002689
69 1302327964
70 2102174988
71 1211710682
72 230629094
73 1672968870
74 1429083205
75 236168022
76 1901419249
77 1891522891
78 1389497773
79 375551179
80 2140600131
81 361784183
82 716684868
83 1795153919
84 12025448
85 1819204815
86 1502951449
87 530140455
88 415748730
89 1361637915
90 991540931
91 1197236148
92 1238529598
93 1526811715
94 2144669399
95 1521183255
96 892068651
97 1157836928
98 1060258878
99 1130871055
100 1174517359
101 1332422144
102 1691878018
103 421210922
104 386816233
105 1194843388
106 629019380
107 305398519
108 1239816418
109 637547726
110 367428241
111 1372404208
112 964753028
113 1154426635
114 1126122669
115 1259188344
116 1497015728
117 2105736171
118 1413520812
119 637810537
120 541658257
