1 2
2 5
3 12
4 29
5 70
6 169
7 408
8 985
9 2378
10 5741
11 13860
12 33461
13 80782
14 195025
15 470832
16 1136689
17 2744210
18 6625109
19 15994428
20 38613965
21 93222358
22 225058681
23 543339720
24 1311738121
25 1019332375
26 1202919284
27 1277687356
28 1610810409
29 204341000
30 2019492409
31 2095842231
32 1916209697
33 1633294451
34 887831425
35 1261473714
36 1263295266
37 1640580659
38 249489410
39 2139559479
40 233641194
41 459358280
42 1152357754
43 616590201
44 238054569
45 1092699339
46 275969660
47 1644638659
48 1417763391
49 185198267
50 1788159925
51 1614034530
52 721261811
53 909074565
54 391927354
55 1692929273
56 1630302313
57 658566725
58 799952176
59 110987490
60 1021927156
61 7358215
62 1036643586
63 2080645387
64 902967186
65 1739096172
66 86192356
67 1911480884
68 1761670537
69 1139854784
70 1893896518
71 632680646
72 1011774223
73 508745505
74 2029265233
75 272308797
76 426399240
77 1125107277
78 529130207
79 35884104
80 600898415
81 1237680934
82 928776696
83 947750739
84 676794587
85 153856326
86 984507239
87 2122870804
88 935281673
89 1845950563
90 332215625
91 362898226
92 1058012077
93 331438793
94 1720889663
95 1625734532
96 677391553
97 833034051
98 195976068
99 1224986187
100 498464855
101 74432310
102 647329475
103 1369091260
104 1238028408
105 1697664489
106 338390212
107 226961326
108 792312864
109 1811587054
110 120519798
111 2052626650
112 2078289511
113 1914238498
114 1611799333
115 842869990
116 1150055726
117 995497855
118 993567849
119 835149966
120 516384194
