1 3
2 9
3 32
4 112
5 387
6 1333
7 4590
8 15806
9 54431
10 187445
11 645508
12 2222948
13 7655207
14 26362377
15 90784602
16 312636602
17 1076632411
18 1560135188
19 2030576903
20 1019706580
21 1094304925
22 1750458099
23 401348562
24 1271668259
25 1083313579
26 1392892268
27 1658806847
28 826143853
29 1070275297
30 1874222121
31 572693850
32 1515958640
33 1693754899
34 1322357179
35 327129139
36 179760838
37 1758539973
38 1554544508
39 880743596
40 593646206
41 224153976
42 1263868000
43 1192940386
44 690188121
45 599025688
46 132110881
47 523332534
48 371812866
49 1039612084
50 1399449856
51 1894424161
52 855642540
53 673333922
54 234016835
55 1483823657
56 2027936240
57 1522464310
58 120517966
59 1068450530
60 1765735170
61 6053043
62 908227056
63 394285410
64 1526422698
65 1028205757
66 1968204688
67 1915725390
68 957947624
69 1028545473
70 2019007703
71 1492214369
72 741306065
73 1009340995
74 278792295
75 588701559
76 391044082
77 1396114205
78 786193693
79 941247921
80 436164751
81 1258277367
82 652006401
83 1032718791
84 1115543484
85 1507530092
86 156072543
87 789432408
88 1813644401
89 740791993
90 1639435342
91 1570622532
92 522296587
93 1836216906
94 1497258905
95 1739740711
96 191774363
97 1271316565
98 1904009181
99 370693418
100 14013302
101 585982937
102 2072430696
103 1045999441
104 53149674
105 854066380
106 1087429610
107 1540101492
108 1891212793
109 1043747310
110 1479993264
111 1077612670
112 1094193316
113 1117811605
114 1615369423
115 1008499894
116 1897454046
117 248177114
118 960653416
119 59792072
120 215315502
