1 3
2 9
3 32
4 112
5 387
6 1333
7 4590
8 15806
9 54431
10 187445
11 645508
12 2222948
13 7655207
14 26362377
15 90784602
16 312636602
17 1076632411
18 1560135230
19 2030577113
20 1019707420
21 1094307865
22 1750468263
23 401383674
24 1271789177
25 1083730051
26 1394326526
27 1663746089
28 843153307
29 1128851101
30 2075940729
31 1267356042
32 1760696017
33 1341955911
34 1774888752
35 1388032054
36 1615563142
37 733177197
38 1476471256
39 1532595510
40 498035496
41 1807611748
42 1268396495
43 843474407
44 1335140134
45 1166256296
46 1115657824
47 826109524
48 260778995
49 557153228
50 675229159
51 265236117
52 2118748732
53 2059225161
54 379665165
55 1960413629
56 611138570
57 582952183
58 1489196757
59 308845530
60 1015610763
61 1880220588
62 536406822
63 841515229
64 1161374448
65 547720748
66 404540918
67 1364237405
68 1514275058
69 1728862583
70 2143957547
71 39891666
72 1680893802
73 1930203698
74 60533974
75 716587340
76 131208040
77 1021861178
78 1738079019
79 1330213886
80 1975905546
81 1970088416
82 1371654417
83 729171135
84 1797665
85 518936806
86 1296322724
87 581621245
88 1883120784
89 445726691
90 1460471507
91 1237086717
92 1763041051
93 728750287
94 849390553
95 1029664768
96 2035435430
97 368711710
98 400850120
99 1895641828
100 226368154
101 1777867844
102 617134427
103 808443848
104 78391105
105 474544568
106 211046902
107 703542320
108 322982994
109 359391904
110 1002648530
111 1847869045
112 1414194940
113 172949987
114 1013542185
115 1261170637
116 136825944
117 345396076
118 2121474601
119 466342541
120 2054214080
