1 4
2 13
3 52
4 222
5 944
6 3977
7 16670
8 69746
9 291682
10 1219799
11 5101356
12 21335164
13 89230180
14 373189253
15 1560798084
16 85310317
17 1531394972
18 365758530
19 806094594
20 97190172
21 1606725517
22 380389553
23 1601061088
24 1937903329
25 2089611486
26 922141167
27 1704508056
28 2131789843
29 1205402091
30 1939775491
31 180849910
32 845948722
33 1380801470
34 1313812297
35 1172882710
36 1661207061
37 2146108965
38 2134474844
39 423347588
40 1570078953
41 1080884774
42 1557032796
43 1257255387
44 204680925
45 631179957
46 1391446303
47 456367637
48 1065889071
49 493003808
50 2138984270
51 1537244033
52 2084153093
53 1325468994
54 2097814383
55 1090621004
56 685276301
57 953296988
58 1482466016
59 1104271892
60 286734822
61 958430618
62 1235564497
63 798440014
64 1987806048
65 1664699886
66 1740264888
67 885045560
68 2093088939
69 342440945
70 948285107
71 59306287
72 278527740
73 1493299615
74 92140433
75 1525632757
76 566617942
77 1596029779
78 36476556
79 1607778626
80 1559829545
81 1959117998
82 1046967860
83 369008250
84 1880585194
85 1695182150
86 182162056
87 1894527535
88 849692004
89 1247701157
90 1215273174
91 1948631028
92 1285430244
93 923977806
94 1630394891
95 2143844889
96 332587921
97 1816329065
98 1547900275
99 308605057
100 483710645
101 823331851
102 1896098738
103 899696469
104 484954798
105 1947431506
106 964424974
107 1937118026
108 559536475
109 2127332402
110 178985659
111 457914125
112 1822606034
113 1418840154
114 1493583499
115 682012415
116 2000415973
117 1760836020
118 465516386
119 1344781108
120 416613001
