1 4
2 13
3 52
4 222
5 944
6 3977
7 16670
8 69746
9 291682
10 1219799
11 5101356
12 21335164
13 89230180
14 373189253
15 1560798084
16 85310191
17 1531394468
18 365756304
19 806085270
20 97151112
21 1606562179
22 379706297
23 1598203492
24 1925951851
25 2039626446
26 713087511
27 830178432
28 622545866
29 944177176
30 254006760
31 1103340531
32 859726071
33 1461065697
34 1051732902
35 1161187596
36 1615889520
37 2075116202
38 578230056
39 1402035539
40 845897465
41 1365850677
42 942411002
43 1419716055
44 700082238
45 1806782419
46 910453344
47 2056993222
48 1947850585
49 2078182597
50 704312349
51 1476572717
52 509548550
53 105147497
54 900943058
55 1664799693
56 1614223116
57 851954864
58 22589753
59 1399777859
60 1074869853
61 2060519220
62 335115229
63 1179366778
64 1669817996
65 1326981366
66 1533045847
67 875379953
68 1144252743
69 99734834
70 1767105385
71 1176650270
72 1291527045
73 1232600484
74 1269577259
75 1812539801
76 539567696
77 717746387
78 1857138879
79 1657622588
80 2000116614
81 2104499569
82 1537637561
83 991897263
84 770161835
85 1362480658
86 1020369554
87 2145499449
88 871655942
89 2001966979
90 195097622
91 1901402861
92 1245602844
93 391098573
94 1798253165
95 1109588142
96 1171952844
97 1135171115
98 1592505735
99 627033202
100 288627459
101 560041865
102 2082777957
103 182194681
104 1801294511
105 1982929404
106 1805979204
107 216498625
108 1675308147
109 460918906
110 1027054832
111 581801474
112 2066197801
113 1322484868
114 1195675472
115 2027958834
116 1727349299
117 651653628
118 737459368
119 1988727153
120 800591367
