1 5
2 17
3 72
4 332
5 1582
6 7566
7 36023
8 170752
9 807173
10 3810552
11 17979490
12 84819832
13 400137724
14 1887687488
15 315593216
16 1211898570
17 644943469
18 975582179
19 831400292
20 414833822
21 1827706779
22 1082439224
23 243338296
24 1899742371
25 666770488
26 1400891168
27 725509276
28 1232917293
29 109442814
30 592266741
31 1518487851
32 1008092178
33 755915216
34 1746588570
35 1804079313
36 1275013218
37 1400381492
38 1325518458
39 591110237
40 303501833
41 1585980774
42 835321157
43 724538541
44 203552578
45 1099515391
46 366728149
47 1794668071
48 399952820
49 1555166780
50 656697259
51 1170322186
52 356092981
53 1908542237
54 675922760
55 1012529179
56 269445403
57 1750723569
58 400280313
59 1057004096
60 432978137
61 909660907
62 1758310567
63 2119388317
64 1302109404
65 95336052
66 1019017676
67 1378872432
68 247700632
69 69812926
70 1315792731
71 2100981792
72 271922131
73 1386403790
74 2093521457
75 2064863834
76 909326720
77 983788525
78 1896342249
79 995381735
80 2117515991
81 931553387
82 864169441
83 730056049
84 422998607
85 2074757750
86 268133039
87 407451616
88 220895312
89 1915460007
90 1984448375
91 414655481
92 758838222
93 1055136292
94 800429869
95 2094325454
96 780602867
97 1955975113
98 1107051270
99 1244090577
100 498341151
101 1508105953
102 1590208514
103 1362380141
104 2114312748
105 63589244
106 1011961365
107 392403108
108 513141389
109 1309417322
110 1093325625
111 2029291242
112 77000897
113 178982488
114 916041152
115 1966250818
116 237028541
117 479501846
118 1567149951
119 1256744193
120 1918095340
121 640849164
122 2027750967
123 225454884
124 1811935385
125 473359289
126 1609048050
127 1535774875
128 206652238
129 672028999
130 115008198
131 1239576598
132 112715906
133 1203814166
134 411528553
135 206040716
136 1393535452
137 2015029106
138 61673618
139 1710979857
140 1447463987
141 408982656
142 1327062581
143 1307112416
144 2124948777
145 805187265
146 734804684
147 206831442
148 665971370
149 1734296911
150 2126314652
151 855495149
152 51763047
153 1093687999
154 492245143
155 264633879
156 859230280
157 924058376
158 587538055
159 633119769
160 2052275585
161 1994004343
162 333747863
163 983347449
164 1561627507
165 889426007
166 1238343501
167 1876303005
168 416874988
169 1584391029
170 2093070538
171 557944147
172 2084481345
173 1863753070
174 1486087448
175 1782010888
176 616319146
177 364512168
178 564363330
179 228076249
180 1530988092
181 638021938
182 1924158495
183 1319396380
184 1378203254
185 1830366755
186 635448216
187 150495381
188 39502820
189 170551200
190 1056444893
191 530677298
192 2046969997
193 99528736
194 1843606078
195 1953413746
196 1466998859
197 594804449
198 1982298238
199 1573826303
200 708324714
