1 5
2 17
3 72
4 332
5 1582
6 7566
7 36023
8 170752
9 807173
10 3810552
11 17979490
12 84819832
13 400137724
14 1887687488
15 315593048
16 1211897772
17 644939605
18 975563909
19 831314024
20 414426758
21 1825786329
22 1073378774
23 200592796
24 1698077607
25 1862839667
26 1207274074
27 1024096430
28 111828781
29 1222320844
30 1727416351
31 1199953036
32 666443869
33 934347992
34 505485935
35 2139882158
36 484101068
37 783722511
38 573957707
39 656052722
40 569796677
41 275613154
42 581268196
43 263697755
44 1224216684
45 1268768607
46 915114110
47 1794837683
48 1777365683
49 1943947645
50 90434653
51 655413889
52 711120258
53 687358054
54 314051801
55 1658835867
56 1752607299
57 301003864
58 1762813532
59 1561180668
60 1498974644
61 937353378
62 853734690
63 1973247673
64 1038758724
65 1647656374
66 813087599
67 1704362909
68 366637182
69 246293778
70 1019940217
71 1315802949
72 1276845445
73 148568750
74 1762501451
75 158115450
76 282765377
77 862158337
78 2121517054
79 284359598
80 1446116273
81 1080243935
82 782441589
83 368749494
84 108367772
85 1364302684
86 1330571383
87 472989682
88 2108316722
89 1807721452
90 144325601
91 1280877077
92 1323949925
93 2048271853
94 1770392029
95 165855919
96 1509145597
97 2025204910
98 352951255
99 1016210217
100 346627325
101 1099649577
102 219187671
103 1089761023
104 1094871796
105 242521592
106 296057848
107 716437106
108 2145948178
109 1004189842
110 752444425
111 2101460615
112 886441950
113 947810415
114 805270457
115 2112221670
116 1994792848
117 1654199740
118 1169988986
119 1201567468
120 1544725053
121 1869249654
122 1869243643
123 84520864
124 2077020009
125 346035970
126 1947135796
127 303160595
128 1453384146
129 405751472
130 476620912
131 397009738
132 885827770
133 415094098
134 824219918
135 1749698824
136 1562413337
137 1141480591
138 184658345
139 828963001
140 533870920
141 320640244
142 1750089111
143 1250650144
144 1168883781
145 585533856
146 1461684301
147 925542710
148 1431604972
149 1881676629
150 825488937
151 1997638368
152 255036192
153 1377362091
154 2030283969
155 701295218
156 77554419
157 281630948
158 1877792240
159 1667003217
160 1240694975
161 1930844140
162 689084912
163 1344367787
164 1719679112
165 204636012
166 585913877
167 1337134101
168 2070860643
169 1943414386
170 230911024
171 852588083
172 1801094637
173 1681353659
174 1050778579
175 1685452812
176 1644110564
177 1344052962
178 1306523282
179 1833372517
180 375963110
181 1892685800
182 785006781
183 2043714854
184 1589588278
185 1898630638
186 2045651085
187 508835320
188 459228782
189 2066715706
190 924305580
191 1171717009
192 814622681
193 487894808
194 77866237
195 2108060299
196 1161037847
197 1220986119
198 1752729293
199 555353479
200 401093665
