1 6
2 21
3 92
4 442
5 2220
6 11398
7 58886
8 303951
9 1564528
10 8032645
11 41168794
12 210776342
13 1078539178
14 1222503142
15 305687165
16 481635082
17 1847334673
18 1950964037
19 520151429
20 914949241
21 1848144289
22 1613455127
23 997301220
24 1677032192
25 48365937
26 1305567159
27 1020647621
28 574531009
29 1048667639
30 1090526704
31 1871604796
32 1429418806
33 693684101
34 1297381279
35 956542888
36 293956858
37 372773939
38 290759857
39 1634257106
40 1296847726
41 2071035482
42 1641253020
43 136740882
44 570361437
45 305337004
46 246769161
47 1028360330
48 1664974980
49 551981459
50 1781468128
51 2127534574
52 579073702
53 1867081887
54 1658282425
55 1894456151
56 1134453841
57 1933485663
58 1259011286
59 1660847146
60 1929616494
61 747003198
62 919262306
63 230328292
64 1105025437
65 641901992
66 1390940861
67 1341690065
68 2076458750
69 2056046816
70 461416715
71 1022220069
72 988250746
73 1026026836
74 1769298180
75 873196685
76 1968199749
77 405678970
78 1305267029
79 1639442211
80 1131774123
81 1839066649
82 324742034
83 1003553601
84 592928430
85 667860618
86 1997446658
87 863070296
88 2118150272
89 440925064
90 472954726
91 814831465
92 837501501
93 2025168928
94 1171853216
95 67644854
96 690596681
97 691604561
98 1422529442
99 1370944019
100 1241672082
101 757247813
102 216917333
103 1935525804
104 1739797140
105 318478502
106 1800469197
107 1342006774
108 25636691
109 1632516347
110 1880033264
111 1536001949
112 265151453
113 606762171
114 1021690647
115 2030561923
116 929583497
117 170144941
118 1208065187
119 116342273
120 389633956
121 944768650
122 1860748797
123 869350341
124 1269135815
125 1477981372
126 2110251115
127 1976855286
128 680365773
129 1220470220
130 553661903
131 1202579103
132 1769963378
133 104675881
134 1270788184
135 1124232325
136 755400437
137 74819722
138 1251354841
139 1826742735
140 2057832089
141 715722880
142 1640023991
143 1924958840
144 1558560056
145 1171549847
146 1055105383
147 413783860
148 917834497
149 1195510814
150 1396192405
151 670808154
152 1803081877
153 1287945993
154 2090389136
155 1219511878
156 1519411413
157 1216762231
158 285982893
159 1529864344
160 922266494
161 1797492187
162 790127311
163 1122357521
164 408405992
165 866693540
166 1839001949
167 364857348
168 1751303160
169 573932972
170 1827304362
171 975530364
172 2065322857
173 1000689743
174 914503375
175 395574826
176 25758104
177 955342407
178 1957354568
179 174128197
180 419344037
181 1026311315
182 2101105380
183 835700380
184 1091291632
185 938193534
186 1990942596
187 1494833639
188 434127421
189 2089309663
190 254488677
191 1330236490
192 100238864
193 1815945096
194 1155203935
195 1198944776
196 1043805529
197 2111735788
198 1818769593
199 651899609
200 574370603
201 1977897263
202 1430951658
203 782224988
204 1972504266
205 1581783418
206 1687312107
207 1442964084
208 544312133
209 2141465761
210 177421044
211 1255350495
212 1067488433
213 1330648314
214 337112437
215 1362583237
216 321620131
217 866522789
218 812937414
219 881413521
220 970432751
221 2144526697
222 637367042
223 846611181
224 675971087
225 390812626
226 1115427176
227 1100759099
228 1663453609
229 1157863216
230 252385953
231 139678924
232 747520959
233 921267491
234 499268173
235 131144908
236 1650626786
237 365637775
238 1970046620
239 1428156527
240 33041025
241 431014976
242 1668571394
243 1720135899
244 205307692
245 1791171621
246 1972051283
247 1381632537
248 671879971
249 2029081309
250 2044640481
251 182396701
252 2093261743
253 421341348
254 237517209
255 566789576
256 1219812778
257 169660846
258 1029754763
259 312963737
260 986198154
261 842480360
262 191160097
263 529985980
264 1741249835
265 1206997885
266 2036370915
267 1038080994
268 933610930
269 1399444763
270 1574267947
271 2013701382
272 1250021258
273 581336191
274 1046025685
275 1889812289
276 1695209112
277 474022830
278 1379567917
279 2037223245
280 1907176709
281 1640054243
282 1695708445
283 985719595
284 1508306442
285 1689904862
286 1947119322
287 110991300
288 1922462382
289 533032757
290 1294928223
291 1797274677
292 1211275190
293 1954931413
294 147894669
295 2123972208
296 1624262762
297 1826464441
298 114089834
299 231300242
300 1287273281
301 582371447
302 571799350
303 1975384259
304 151029280
305 1029288055
306 1554416057
307 534670260
308 1312227478
309 1906420942
310 993899769
311 1724744985
312 1868584989
313 1493658166
314 1373249421
315 451104187
316 763162501
317 184958087
318 2014930169
319 1329217971
320 254511799
321 486241459
322 1275186735
323 551715260
324 891291959
325 353938291
326 797010899
327 1849057325
328 1716333780
329 1954988527
330 535843341
331 161024993
332 1758846721
333 1623029365
334 1392517990
335 301738602
336 1130407525
337 1791948641
338 1427135461
339 2079760499
340 1941009166
