1 6
2 21
3 92
4 442
5 2220
6 11398
7 58886
8 303951
9 1564528
10 8032645
11 41168794
12 210776342
13 1078539178
14 1222503058
15 305686619
16 481632268
17 1847320267
18 1950890201
19 519773555
20 913016275
21 1838256523
22 1562875913
23 738572064
24 353548394
25 1868249851
26 1034293675
27 2112906946
28 638549685
29 2091253048
30 11964437
31 10059000
32 1515120478
33 462824916
34 7042179
35 702066866
36 360010070
37 100785144
38 522552503
39 1973091240
40 826978780
41 1373915160
42 321035665
43 623986707
44 300707189
45 664798241
46 1517652167
47 359709736
48 164743894
49 397888641
50 1707350136
51 1577387590
52 1116877190
53 72455247
54 1152441606
55 1813335114
56 951757754
57 1322188113
58 879008244
59 163340250
60 42194962
61 115785599
62 854095034
63 180965950
64 90438653
65 1496555258
66 726636751
67 2131729235
68 511530714
69 94891195
70 1414148191
71 2003760259
72 195283212
73 946978407
74 570587051
75 635929227
76 368574895
77 265859642
78 172040593
79 138937292
80 1650460395
81 676584268
82 494143181
83 1049142861
84 754253316
85 1159478495
86 118235717
87 1698026403
88 810199152
89 735338392
90 2124146601
91 224900965
92 754255040
93 1910943545
94 1489113795
95 1586343071
96 1812206479
97 1416737034
98 1932816028
99 1053669351
100 292500003
101 556384685
102 335493596
103 1599265536
104 86393269
105 1443958929
106 2030146370
107 1711452924
108 1955258077
109 176662049
110 1589689479
111 1869931384
112 406530323
113 1428215119
114 1672831322
115 180760384
116 436174144
117 234434326
118 978003034
119 1364981597
120 1307535526
121 886528564
122 717230798
123 430212506
124 238149385
125 268926750
126 717515591
127 556149500
128 1033494527
129 708597261
130 683909788
131 1901537476
132 1212016756
133 2028436848
134 1041011175
135 993836463
136 1705505753
137 679244591
138 1991703016
139 467096787
140 1080989272
141 1682770948
142 1809633989
143 837976983
144 1996687163
145 916053023
146 866312531
147 1289962275
148 494834375
149 1371153000
150 610554002
151 743492636
152 1231732435
153 2143731596
154 1992042623
155 1951425060
156 1163779381
157 2061343950
158 526037980
159 1567495432
160 1839997972
161 1912363072
162 1445282516
163 1568979108
164 1919925967
165 677877413
166 2130290357
167 665763720
168 911769343
169 261209510
170 2103310098
171 163314935
172 1566632215
173 1590622791
174 233852230
175 1784985238
176 739306343
177 1409004244
178 590917805
179 697992160
180 1353133170
181 527614600
182 1076461251
183 554530988
184 2050711195
185 990916437
186 1164585463
187 1290880893
188 289683969
189 1029483557
190 750844494
191 854839969
192 1342329032
193 808099095
194 765371878
195 1816360304
196 1587061362
197 453458052
198 440547229
199 1192573358
200 265598415
201 2062010954
202 2093384288
203 1429346208
204 1954603640
205 363515785
206 661870089
207 645179571
208 609842115
209 176476462
210 2064011425
211 1178578060
212 900495872
213 439055103
214 1675403517
215 1425404049
216 902964147
217 1617689578
218 19282409
219 1187346306
220 522570198
221 382196656
222 1518690871
223 1176390215
224 1782401313
225 725341041
226 996082187
227 102348148
228 1619856511
229 442064059
230 1581407436
231 1795665045
232 967563562
233 1979205876
234 1660503519
235 449717779
236 1677062701
237 254485432
238 1227524090
239 589520533
240 1238124923
241 1177553027
242 889459668
243 1764304856
244 122432661
245 1331033503
246 1646824309
247 1633071927
248 679694193
249 1146256467
250 488300802
251 365601721
252 891633931
253 1300526742
254 1600116205
255 290407559
256 1225765308
257 1335949130
258 198842649
259 654394810
260 653017620
261 10496324
262 1482260348
263 1679326011
264 1593515577
265 1493766175
266 309841598
267 1842644232
268 1226960103
269 1265420352
270 1346120877
271 934028291
272 1006335433
273 509126967
274 1010648616
275 1477518278
276 1780381935
277 1135786931
278 351287779
279 1129604369
280 1800110833
281 1836251782
282 339686296
283 2069468070
284 1760281662
285 517893177
286 1787824522
287 802118190
288 1099281230
289 812680219
290 168852032
291 549201553
292 90497720
293 1573922352
294 1803050110
295 1395824802
296 27314513
297 869042715
298 1044144756
299 1903925448
300 1657779770
301 1134974357
302 1668762176
303 1313077983
304 1099796475
305 458941093
306 1794132224
307 1054053223
308 675013935
309 1826561959
310 1071529759
311 264352175
312 26927046
313 1921673357
314 1944393213
315 85804793
316 595543478
317 1896422910
318 1800048465
319 1327482574
320 2123603834
321 1165880246
322 1202028977
323 1156720986
324 404427619
325 245398312
326 383397688
327 140966233
328 288947211
329 436177244
330 916955632
331 1872735831
332 1474447253
333 924991727
334 264428050
335 797674610
336 1065587352
337 1396780918
338 655405118
339 1388910866
340 2141003593
