1 7
2 25
3 112
4 552
5 2858
6 15230
7 82478
8 449705
9 2455209
10 13389603
11 72891774
12 396167219
13 3000869
14 925972174
15 947115550
16 1167014410
17 948402540
18 846671846
19 319711192
20 435931990
21 1319247203
22 1146256459
23 2085012138
24 1557644559
25 1047436882
26 1045205153
27 1423617753
28 1310971932
29 1310336974
30 2081946537
31 70217587
32 1589392908
33 749578128
34 817919694
35 2031685937
36 1187402922
37 1266602302
38 1115885514
39 1244744464
40 1221909664
41 1662157196
42 1169400875
43 1193058973
44 162274789
45 901801216
46 835827774
47 87775207
48 818148040
49 155464943
50 1846912612
51 893302310
52 1723162650
53 181607266
54 448944163
55 1115914038
56 1996089098
57 1300793778
58 1519100173
59 1992898664
60 1421647694
61 2070300124
62 655548363
63 1183816880
64 438221300
65 52349446
66 1465270730
67 1215678535
68 418956010
69 1277246682
70 1824805407
71 342875539
72 1558433848
73 1691582779
74 1725017243
75 1534805088
76 1336548064
77 1517359759
78 1467846793
79 1416800581
80 2076329725
81 260665187
82 1217796086
83 1245379532
84 478437129
85 937404029
86 1173396657
87 1131677433
88 1234255211
89 1815767556
90 1363493536
91 939079898
92 1177876456
93 1731754426
94 1063692218
95 512342563
96 2138517687
97 1127846318
98 766742768
99 1686352843
100 2128432496
101 351633055
102 532505649
103 2017718411
104 679399365
105 518689817
106 275642577
107 700800061
108 550433487
109 1052843137
110 554816857
111 1195230078
112 831424252
113 862087345
114 750996878
115 2065938952
116 1895135480
117 292676446
118 2056154639
119 747099953
120 1474282126
121 1235231932
122 819181280
123 1745742783
124 28702783
125 99937581
126 1641275167
127 1432321004
128 10957224
129 329053227
130 435211833
131 1951905491
132 1711183605
133 1849344994
134 1317172968
135 1997554264
136 2017220377
137 1437546459
138 75135695
139 1551282686
140 2040899574
141 1359764757
142 244509313
143 846274510
144 1236688269
145 665007078
146 40194608
147 1026932959
148 1323359803
149 1851414578
150 20803032
151 273744933
152 924545337
153 1259117893
154 1567945453
155 1826152143
156 715453647
157 1727514014
158 2094549636
159 1588367643
160 746630983
161 993093043
162 270462759
163 1486775631
164 1489282859
165 470258567
166 37843558
167 1906886953
168 1450988235
169 539776667
170 599424411
171 811690177
172 302660693
173 976103180
174 138171831
175 586993755
176 2138973415
177 1317771983
178 878971926
179 1354437573
180 886690864
181 271488132
182 127474343
183 992243434
184 229167282
185 456364654
186 1845802413
187 208422239
188 361044079
189 609093165
190 1793490226
191 894270450
192 1565134493
193 2111765058
194 1831640850
195 1237800646
196 485556905
197 2084026638
198 120782663
199 22884376
200 36545502
201 1905797900
202 1972023696
203 284719952
204 676553182
205 742318423
206 944103343
207 1406943699
208 753383235
209 725215018
210 1420448861
211 858170346
212 233101357
213 1136432699
214 1947271116
215 1374275106
216 349222375
217 593484250
218 246322148
219 1085381376
220 1498515788
221 266847054
222 1945864823
223 2002422803
224 79872184
225 2051569164
226 2016831669
227 1331715043
228 1436749413
229 341599075
230 1067311499
231 1341831143
232 2031670032
233 1567051644
234 1439987680
235 277462094
236 118690983
237 1910350735
238 1762506817
239 1857508453
240 596672127
241 46983409
242 2126537548
243 1962357883
244 1511267204
245 680262747
246 2039998228
247 1497350918
248 1523699194
249 1374735493
250 884782967
251 1242315772
252 2067541867
253 1442357222
254 977747431
255 1617784749
256 1346128288
257 1300951558
258 1295065152
259 855789954
260 1664989267
261 740051979
262 1009968906
263 1392801388
264 1970868674
265 1673462107
266 960456994
267 469031754
268 1125382939
269 1054025414
270 1575987867
271 1136407463
272 1238222469
273 207260590
274 1943484106
275 173321151
276 155702809
277 282396401
278 996623198
279 126447892
280 820342451
281 1933787402
282 1222307158
283 1361853779
284 118562650
285 738760596
286 890072749
287 148499461
288 1547525876
289 1744474460
290 8833962
291 1440267168
292 1319470399
293 559220561
294 261489345
295 231899779
296 338489721
297 1570677761
298 1569868853
299 1053384796
300 1528803801
301 569984461
302 535226670
303 2001063439
304 1598055036
305 1228584130
306 1777920108
307 1306700465
308 628573213
309 104944568
310 1842422874
311 2057445108
312 107574007
313 840983480
314 2034713298
315 148366757
316 1410404230
317 1885239542
318 62355935
319 1362778584
320 1561452730
321 1044087192
322 45278308
323 1687422689
324 1600641241
325 1081723565
326 149974239
327 1186988876
328 1002115903
329 355239420
330 1992358997
331 189915768
332 404537991
333 726194134
334 1120903204
335 1228194139
336 994019658
337 1670462577
338 526406115
339 1448750814
340 1199271788
341 1056309318
342 1098577240
343 24623150
344 2117927323
345 12243614
346 1720949827
347 1439769657
348 1616012391
349 495820784
350 2112390383
351 1309886305
352 186566509
353 1633618613
354 1051691087
355 1147617368
356 1851126476
357 642372045
358 1289087020
359 2021277435
360 497855813
361 1786824578
362 1616743341
363 1552909385
364 839718829
365 1180986526
366 957610211
367 1911761249
368 1217736611
369 1849337436
370 1704344901
371 667480182
372 1059226997
373 1404921964
374 453926813
375 1215550345
376 807704211
377 1461814446
378 1111782171
379 1191941220
380 641144286
381 1719979566
382 2120955510
383 992830261
384 1573062128
385 532950413
386 345113881
387 754552857
388 889897241
389 394594817
390 1368083026
391 484197906
392 1360651744
393 847326438
394 636305304
395 1435150867
396 723534133
397 1563279321
398 2077966971
399 1063102007
400 1271537054
401 196466522
402 545759855
403 1943969081
404 305592109
405 429896657
406 416237483
407 208938193
408 1025359586
409 1487986677
410 1359930612
411 2087748332
412 342368862
413 922977964
414 760634043
415 1261388864
416 17080148
417 1842986237
418 1862945623
419 1696610150
420 994893533
421 859480807
422 1720770491
423 16223135
424 1484919797
425 2031914229
426 2052878692
427 1817402774
428 1611649001
429 1419044042
430 894409033
431 397078329
432 541207607
433 1490893911
434 1327245081
435 1358070734
436 1242613531
437 321025727
438 1253447784
439 221372580
440 173062489
441 132495523
442 483916379
443 1877246949
444 1324806723
445 525555242
446 1342589617
447 1203552081
448 1735334972
449 124657867
450 996095775
451 1954640210
452 169151095
453 1684561584
454 974307889
455 808401588
456 1423821903
457 1782940288
458 1239953645
459 841014010
460 1792471077
461 492036906
462 2006249776
463 2112812451
464 1498048724
465 218196499
466 1661885760
467 490203273
468 1956950131
469 1135407072
470 528577267
471 748720144
472 695712088
473 888644961
474 1411390011
475 1122639214
476 731368229
477 1337934913
478 1002273323
479 1869746751
480 1429282945
481 833778498
482 1267813921
483 523900214
484 332747960
485 1943049777
486 14356430
487 1601864179
488 1529201375
489 609635621
490 404190328
491 1723937112
492 1787462111
493 764035841
494 1564045178
495 2111488613
496 52413224
497 2061991775
498 2109170335
499 597955299
500 2059506184
501 2069503401
502 1488951977
503 124317227
504 1879410464
505 1110631866
506 454744841
507 351909240
508 1157161632
509 791583040
510 371355814
511 342388963
512 1513544249
513 626037265
514 1030026993
515 1630014540
516 681449079
517 794351182
518 371926107
519 1477672004
520 181158055
521 320804420
522 1467329689
523 997079081
524 498788248
525 1025554962
526 1726543417
527 1184964495
528 144910343
529 1327885871
530 1494955487
531 2043185868
532 348283669
533 2082800366
534 1879776706
535 1434156972
536 454105440
537 1771925414
538 618059735
539 14382358
540 715634472
541 1310364841
542 1532762714
543 1853335422
544 1111632115
545 479473200
546 1227322912
547 1684295707
548 536258516
549 312965092
550 34046481
551 996060938
552 1500931362
553 1034724044
554 1113733316
555 461892330
556 163475127
557 1988872237
558 628968906
559 774728873
560 500370688
561 716454118
562 1213057125
563 180660304
564 1295252404
565 506705548
566 2146163913
567 480335166
568 116917649
569 814095603
570 220216243
571 482668977
572 532664185
573 304730216
574 14060188
575 1835928856
576 2109420442
577 586076951
578 408958205
579 789846550
580 708150698
581 807479524
582 1857529457
583 2044021548
584 669992690
585 2144942543
586 152701987
587 1319654092
588 1569119902
589 66599175
590 1280319214
591 1915882734
592 110223729
593 2082686475
594 1825066031
595 730374892
596 1698544702
597 508289815
598 1955845146
599 1388789045
600 362827539
