1 7
2 25
3 112
4 552
5 2858
6 15230
7 82478
8 449705
9 2455209
10 13389603
11 72891774
12 396167219
13 3000827
14 925971964
15 947114332
16 1167007732
17 948366252
18 846475160
19 318645526
20 430158544
21 1287968417
22 976796119
23 1166914104
24 878536697
25 2016063635
26 1070681617
27 674110199
28 2044782160
29 939198628
30 551635833
31 962065466
32 145181919
33 1185116802
34 370358068
35 1567814446
36 337296396
37 209727785
38 99382226
39 459986311
40 1641292057
41 507394147
42 1683948040
43 1755569232
44 1375082726
45 1707592627
46 736667221
47 480155883
48 1548079555
49 2033304709
50 416118268
51 1542359606
52 1942060444
53 1016168684
54 1364351170
55 564496423
56 2018195299
57 949898261
58 1707668570
59 212954393
60 725134420
61 123627714
62 860294194
63 614274879
64 948085078
65 1137052086
66 219918062
67 510386019
68 1709255946
69 482841640
70 462640585
71 1444827500
72 435454159
73 1074048000
74 685042009
75 23042558
76 33982901
77 1416180353
78 1324717169
79 1642722650
80 1713735234
81 1583356378
82 632885469
83 1416858393
84 1042398231
85 1453970783
86 251178667
87 558087544
88 1422816681
89 836309530
90 561955520
91 750735296
92 253472464
93 1735823384
94 1941233887
95 538803230
96 1940821985
97 739611699
98 679978292
99 1093636862
100 1882033918
101 1072896523
102 704038046
103 557165296
104 930293579
105 1324017801
106 684583543
107 1104183953
108 27193970
109 701007280
110 531619693
111 814548313
112 1677676812
113 1967922339
114 907327257
115 810604959
116 2031933449
117 1830585045
118 997614481
119 545245584
120 779611040
121 464065528
122 254465758
123 66817724
124 1269528273
125 66078094
126 678179471
127 1704032397
128 1929052850
129 1164581554
130 2065306056
131 1386870062
132 16824701
133 488162388
134 1409428147
135 1529105955
136 1342581004
137 4359913
138 295731037
139 47094335
140 954434899
141 626379703
142 16831381
143 1065662306
144 555877796
145 1050945139
146 1288646271
147 1172444917
148 2140004741
149 500958582
150 1737825434
151 1569107044
152 1651409588
153 1645958522
154 514861582
155 370326156
156 420738358
157 575941864
158 246894390
159 1358095102
160 1992273590
161 487946259
162 1480786394
163 1846724341
164 1066939538
165 913187022
166 590888227
167 376547515
168 1624741731
169 977535965
170 561952086
171 1635157819
172 1803893862
173 1634517015
174 1465039248
175 666029668
176 1509810941
177 1206324945
178 768144729
179 1562651708
180 407072558
181 2004407599
182 2107189894
183 829356450
184 1740184847
185 2069925946
186 1686613540
187 1106367457
188 1011124287
189 722968627
190 1873674193
191 839025980
192 2082262544
193 1491496042
194 773275431
195 1993615047
196 1351745854
197 84933105
198 1391895066
199 472177823
200 692632778
201 1650876759
202 794812830
203 2120436545
204 656418111
205 589453960
206 275738939
207 1192862577
208 1085882267
209 789538421
210 603449034
211 1735663271
212 197697749
213 2013829662
214 1934786962
215 207069150
216 1211692470
217 1652491600
218 587075306
219 1684834314
220 151940893
221 409737824
222 869414656
223 1413540063
224 1999045807
225 1842774241
226 1675027659
227 2108139035
228 1368702469
229 881015859
230 2058989984
231 377842872
232 1331149750
233 553069113
234 1146891166
235 644412636
236 209268307
237 279492622
238 437554631
239 1378349363
240 460776134
241 1099786410
242 1226436265
243 694830677
244 364123856
245 1082224840
246 275286462
247 583568763
248 56518247
249 1618516540
250 478375968
251 1065745571
252 82422271
253 1044429554
254 773575857
255 988823313
256 637913436
257 550687348
258 1913603233
259 1765069991
260 1198886784
261 289170764
262 1719750816
263 1993766178
264 1527479724
265 1801852697
266 2033103803
267 775643545
268 1793337293
269 642709142
270 1837126909
271 1540852651
272 1333751742
273 1054804948
274 383431136
275 469163745
276 1319279806
277 69852537
278 338527305
279 1126896131
280 1207282101
281 1614078235
282 1741306987
283 1342910140
284 1969394989
285 588339180
286 1224519825
287 388544594
288 942258840
289 108126061
290 10334221
291 1723332714
292 466356286
293 1905993392
294 1326414925
295 243923432
296 1221943183
297 1590089682
298 839580252
299 1369712811
300 936991449
301 646383316
302 2138039512
303 33045177
304 882707492
305 999218404
306 343915470
307 466490808
308 337208019
309 297887299
310 750005724
311 1773847352
312 1387915644
313 541750860
314 1205030167
315 1520737109
316 618463159
317 1810628623
318 1469214910
319 1639145635
320 1459577565
321 1305200022
322 719542887
323 41952355
324 981495860
325 854153103
326 1789011160
327 1464408086
328 1199124917
329 2126853683
330 1634701236
331 637114172
332 2080072034
333 660605296
334 1133999156
335 858174842
336 312431093
337 334190877
338 234866401
339 1978078701
340 1449358963
341 1535316850
342 912728931
343 905312140
344 503223065
345 1797951362
346 32734251
347 532461573
348 5454652
349 266775430
350 2065679398
351 1613862132
352 1066547873
353 1833026978
354 2089199643
355 1901546532
356 1405019920
357 421799369
358 1768537243
359 1528757690
360 574536370
361 1788574281
362 987660038
363 1668443015
364 454497650
365 1740428151
366 1472519429
367 1103943172
368 792810962
369 217484747
370 1862484704
371 1084856813
372 1672216305
373 165454623
374 1897030563
375 1599908089
376 729985767
377 420484824
378 1537216568
379 1216327145
380 2073029853
381 20730909
382 491329975
383 247836909
384 1291973140
385 80388023
386 487607691
387 310128826
388 698272107
389 484532542
390 1731565220
391 1951266
392 1126881521
393 1452861522
394 1014980787
395 511733792
396 389303295
397 1673939355
398 1893914625
399 1245966239
400 1815002731
401 2109063516
402 1343971629
403 1897032632
404 1672383579
405 1087256694
406 1431777888
407 957520174
408 1218144650
409 17825273
410 1446370748
411 128035994
412 321474072
413 1607353090
414 2042916350
415 862979509
416 2082197110
417 1756448221
418 674878853
419 2126827444
420 586584028
421 543893377
422 1879475848
423 662190783
424 1938840220
425 93341455
426 313289352
427 384420567
428 1025158746
429 354991192
430 1249764527
431 14589665
432 272241525
433 843001820
434 1858394613
435 101305606
436 823930848
437 1109927692
438 911460485
439 768431613
440 1641512386
441 1805047183
442 297598403
443 1928933624
444 653269325
445 998573925
446 1530499972
447 1207734172
448 804689233
449 465589593
450 953542088
451 1888599031
452 1881052493
453 1843427036
454 534581138
455 1732576394
456 1077536717
457 633486540
458 558193188
459 725455049
460 1463881799
461 540094676
462 483010311
463 1938386635
464 1593577872
465 1475715497
466 815079795
467 799603219
468 346231841
469 1854594599
470 810359392
471 981411860
472 359301579
473 1979261241
474 579979888
475 307775970
476 246121908
477 422575649
478 1591923092
479 30880007
480 1017066203
481 1835308962
482 1936755459
483 1831614056
484 1279099847
485 1901578257
486 1615439875
487 55300278
488 1954860773
489 1999218179
490 1081048432
491 1837351780
492 1249354409
493 1393270292
494 1756695526
495 934679291
496 1733956341
497 1649620725
498 795939878
499 468770870
500 1780974750
501 617033964
502 1306827190
503 1083917612
504 1442956680
505 1322072195
506 491536378
507 631004175
508 1792331829
509 1730987860
510 219483052
511 887899639
512 1850789978
513 696084759
514 522853855
515 65649004
516 1073572853
517 1748299838
518 785653339
519 1335635630
520 144963791
521 677582311
522 1681207606
523 892633630
524 1240901781
525 731675573
526 1837582260
527 1857490852
528 1006348613
529 953126381
530 2058641091
531 1377907294
532 2141258158
533 1631798119
534 1586293295
535 604563613
536 1688580828
537 1460893086
538 869604882
539 1111189963
540 413504500
541 1061672360
542 1435497399
543 905066112
544 1870145107
545 70776583
546 1482271912
547 358467742
548 231883465
549 1162056496
550 1387237234
551 802826502
552 1920200633
553 728356540
554 831911502
555 541254313
556 1816746131
557 2605340
558 1756368106
559 386641275
560 353172074
561 475461127
562 1827120948
563 320757610
564 928449908
565 622148978
566 348006209
567 362550714
568 1575538800
569 1797021119
570 1357929956
571 1189538771
572 685235884
573 1505093174
574 2014907775
575 1889418977
576 618266350
577 1511336111
578 766523900
579 350705759
580 695421460
581 1656606092
582 1947138859
583 184987740
584 1843988143
585 130176277
586 1498962493
587 1622173645
588 1204125990
589 1553367309
590 1820573414
591 160415036
592 175403924
593 1852634505
594 1398991434
595 476304952
596 1179005059
597 450177071
598 1953464756
599 1525587794
600 898346663
