1 8
2 29
3 132
4 662
5 3496
6 19062
7 106070
8 597646
9 3389630
10 19273655
11 109615868
12 622894980
13 1387975751
14 716774915
15 1864641592
16 531041861
17 2109929936
18 1920846235
19 377014643
20 1516253882
21 512112322
22 613544608
23 486988934
24 1957542370
25 685966189
26 2114883006
27 1299412628
28 1901954700
29 704399696
30 1113964394
31 1011510765
32 2006530472
33 1074340746
34 1061195402
35 1528781869
36 770641257
37 977948099
38 450205619
39 1969887189
40 1124292150
41 1091785710
42 1091389550
43 1503942213
44 1752886807
45 786596665
46 2063885429
47 1526500060
48 1678534527
49 924433750
50 1527037914
51 2069311426
52 2002770519
53 1374774060
54 302279090
55 1027322382
56 56902885
57 399211674
58 2092589093
59 360908590
60 686606656
61 1768943157
62 159016602
63 477977732
64 1864392838
65 60752699
66 1370370501
67 270769194
68 848320039
69 863482454
70 850131513
71 1095059622
72 809299282
73 1603361318
74 29224190
75 1469516631
76 1532933611
77 872868772
78 1980352403
79 1615133532
80 1716984721
81 2029343048
82 29068223
83 2022007761
84 1299269482
85 1563496397
86 473418475
87 1645545288
88 631074039
89 1461788812
90 130942328
91 1190056333
92 247050921
93 954047206
94 1645389108
95 1433362050
96 2057099960
97 946128348
98 1373031059
99 1483016827
100 2074312112
101 1636935344
102 103214799
103 1912881994
104 1317612308
105 679591640
106 1745678844
107 1916882247
108 1756920703
109 709360953
110 1997382919
111 1051482207
112 2041307098
113 186816611
114 1640181871
115 1425212888
116 364865854
117 2090148291
118 708174567
119 1563489829
120 1999936426
121 1574209131
122 1608443215
123 2075691498
124 1723370030
125 1844841864
126 564696430
127 1689140477
128 684159124
129 1816570364
130 544781258
131 688608977
132 1989109643
133 24663193
134 133239190
135 197725238
136 1496246787
137 1254268606
138 408851890
139 1930155817
140 1604469226
141 1055080257
142 1306293703
143 1468236837
144 1456123323
145 1515144390
146 448755141
147 838052786
148 1720002083
149 919084983
150 420017321
151 846224843
152 813486303
153 862884413
154 1500230057
155 1328550224
156 783205202
157 845247137
158 1012065624
159 124097592
160 1315729041
161 2007399633
162 504255860
163 1481337754
164 1634582541
165 1861941098
166 1059844648
167 1155315397
168 931358001
169 1712246141
170 1486030750
171 1312548333
172 606442075
173 1268801806
174 940610681
175 1422206445
176 1940039951
177 72919228
178 1714610339
179 250423756
180 1075463855
181 1262880527
182 1458204171
183 117317860
184 470104126
185 1803113023
186 1538151880
187 1545918245
188 586261657
189 1604774787
190 1684545803
191 247605338
192 381479780
193 1398995934
194 200622429
195 1873652035
196 1805579393
197 1430440239
198 875751283
199 621727668
200 404626923
201 1961300380
202 260688326
203 532984658
204 1802052513
205 741144532
206 1886482618
207 763234854
208 1526180967
209 148833154
210 1090401423
211 897655539
212 2116013936
213 1860559274
214 1792405926
215 661378334
216 1220400773
217 1607254739
218 1511635397
219 361164999
220 1819763971
221 903140943
222 1523911898
223 2019844970
224 2003201036
225 1955493583
226 293138191
227 47959156
228 1261443223
229 2084051009
230 1295895336
231 756950721
232 1322049351
233 635169030
234 1295245101
235 1245298460
236 1478506814
237 2061656326
238 298695568
239 1513233976
240 2100717314
241 208914336
242 1172107582
243 2006655869
244 1125596160
245 2001602795
246 1760843086
247 2007933346
248 876042196
249 277592259
250 386913084
251 1178131304
252 157937807
253 1734305351
254 1042430675
255 1881320237
256 1209662037
257 1249290177
258 1648658159
259 257792945
260 1639609945
261 382868376
262 66201232
263 81407416
264 1904090250
265 1108441876
266 633282868
267 1389119
268 1874200679
269 530671936
270 1506773865
271 1166793735
272 1052952332
273 1717943044
274 1727249256
275 1903388073
276 1863230754
277 1519688999
278 899823084
279 1608723885
280 1748066719
281 7477141
282 928444176
283 1434286760
284 1405749688
285 693053367
286 2069935381
287 613997769
288 1355220449
289 229103039
290 1841287424
291 1847578922
292 1606563498
293 599904102
294 1504779575
295 208112331
296 502088532
297 1469424518
298 1688316860
299 304864196
300 1945011345
301 1416346960
302 1784937196
303 794845717
304 1121600066
305 41938896
306 2087318937
307 704342417
308 1342466594
309 2112879916
310 602518513
311 1157935735
312 839073790
313 1701568084
314 1147693514
315 115275983
316 211630982
317 1753394536
318 1098913291
319 47134694
320 531058827
321 778477378
322 851668634
323 761490370
324 1735015933
325 2081750167
326 2113748638
327 1519639450
328 1266207440
329 948779883
330 88714754
331 801063642
332 1494773419
333 1005232440
334 917610970
335 1968782070
336 346641227
337 2065361165
338 623952415
339 1736147939
340 958878882
341 1877141863
342 1810671272
343 1397504509
344 1161435834
345 1323253254
346 622003709
347 781308872
348 767955923
349 86107124
350 1662115255
351 1817221377
352 1290762899
353 1343523401
354 2032317637
355 153468534
356 1278917972
357 1796911135
358 1501499237
359 1158863101
360 1114269558
361 1019466873
362 1858101566
363 1678367158
364 801759514
365 1446430152
366 1662508412
367 2005307805
368 1098871287
369 12079075
370 2093821088
371 533641790
372 226509176
373 1533904569
374 134742222
375 1440782225
376 91714733
377 1843674699
378 370784026
379 870894150
380 724017610
381 147961571
382 235926999
383 1394402370
384 1952047455
385 1318444197
386 614899096
387 1874348232
388 263804362
389 714848125
390 17201336
391 821560303
392 1140711034
393 700678731
394 991332963
395 1152876304
396 2046577228
397 612705027
398 1398557648
399 6455602
400 360776818
401 1299091177
402 402994543
403 159228730
404 1493937665
405 876188360
406 1098634257
407 1449366701
408 1539046675
409 199933493
410 1426450283
411 1638403743
412 2020268488
413 1852268221
414 359356639
415 221897712
416 1681979786
417 1092805595
418 1727907742
419 1375650210
420 1592259507
421 1338839469
422 232651755
423 1117064847
424 1537341551
425 273317073
426 1630170992
427 240732603
428 589843907
429 1008573434
430 1232054725
431 1093023488
432 204465442
433 203955511
434 1631205360
435 624484318
436 482783801
437 2038028820
438 1315617211
439 592286721
440 344787666
441 1867560755
442 290672984
443 985284488
444 2068179572
445 1629424391
446 531824201
447 563646243
448 606655555
449 1609898359
450 55312601
451 351206114
452 524819782
453 760478662
454 2126803229
455 2070394458
456 1245203332
457 204349956
458 644072238
459 493840176
460 1780998224
461 1093352486
462 1939486331
463 1036629957
464 763754955
465 926591634
466 581854423
467 1414345861
468 1103548719
469 646343035
470 1717451423
471 804338072
472 19757199
473 1138740149
474 1246851246
475 992843784
476 2098233690
477 1060915495
478 962443303
479 574876178
480 492497689
481 1182865803
482 478319570
483 976920375
484 1268917035
485 1173043850
486 273436561
487 1001378794
488 1669785816
489 2068149407
490 1757319836
491 1164839751
492 681832470
493 1994192580
494 1794463603
495 1926743646
496 674030070
497 1532657654
498 326193560
499 1714930501
500 1971406597
501 495449962
502 1537013899
503 971309876
504 1613065386
505 840186036
506 203241782
507 2109699326
508 774095072
509 135417388
510 577294031
511 847838396
512 1394445341
513 95788414
514 980598502
515 111420127
516 2135081193
517 920629554
518 1574413265
519 1296124719
520 1480375566
521 1217897359
522 1192625411
523 59654306
524 1029062756
525 449295920
526 1541700792
527 607335748
528 261846651
529 137630492
530 1097645706
531 640355467
532 794690433
533 271802401
534 620998645
535 1148093761
536 2111701433
537 682717987
538 289963006
539 642636339
540 1038929904
541 211308523
542 1968309426
543 1099716397
544 1855364350
545 949074026
546 1199106591
547 552921849
548 236011251
549 1466523512
550 1702234455
551 349019408
552 1035548466
553 1302905556
554 388907839
555 481969236
556 845166038
557 1468631927
558 1011567208
559 149542858
560 1496386986
561 120447207
562 2020176081
563 384953116
564 978268908
565 1505693498
566 1034157324
567 289435405
568 1983859245
569 845643584
570 483358544
571 2052058167
572 283800173
573 1422730970
574 891757707
575 322798379
576 1607017183
577 1275126252
578 348209172
579 1836897029
580 579680843
581 1548557825
582 1096325905
583 920046749
584 1950908298
585 1291149874
586 1652876826
587 376277182
588 2100667891
589 1105015927
590 1699130171
591 541392466
592 1336224309
593 875567288
594 1506923655
595 407935499
596 1823330845
597 1794030663
598 1005623971
599 1102368600
600 2121018104
601 56597800
602 1602843107
603 696838947
604 1188180998
605 494015146
606 1244273332
607 1999417371
608 2050823877
609 629486901
610 81641537
611 608419077
612 1265877002
613 2072890328
614 1642927221
615 1484306658
616 1599294469
617 542812762
618 619757430
619 859225351
620 570804496
621 576501874
622 2081269768
623 1602687136
624 1484199911
625 2084163124
626 1394257947
627 491986846
628 785684753
629 2118709434
630 1701444528
631 1447497570
632 391367873
633 1802442071
634 471904651
635 240478196
636 144964058
637 1114576467
638 1407564208
639 1745056389
640 1885782670
641 299068728
642 421701131
643 74455996
644 1598064345
645 390769367
646 1787225392
647 1034140618
648 1445066427
649 192510570
650 276595897
651 2052839547
652 513838828
653 638253238
654 1201126003
655 944651091
656 77914240
657 887095226
658 1549756281
659 1691506868
660 1090421495
661 1476466221
662 962447567
663 2042626864
664 1668175688
665 426866810
666 374586817
667 1170869985
668 1590390591
669 739296839
670 897973426
671 2134022598
672 1123135172
673 1417415246
674 834851843
675 2083701814
676 1641577563
677 1301510029
678 1893943181
679 1582676786
680 322188667
681 1020103315
682 446073506
683 265471225
684 645073417
685 379635813
686 1350422486
687 312283295
688 1744521785
689 940228333
690 1272761814
691 233674882
692 1216612361
693 1031886426
694 785564952
695 1732282897
696 1069915504
697 999304204
698 1056383748
699 1285935873
700 1734560484
701 50691580
702 1005188103
703 107896584
704 1501342157
705 1377264707
706 1771604224
707 937994123
708 896960793
709 2105930782
710 1643736144
711 954908483
712 1788077565
713 619066082
714 542535158
715 2065525303
716 85518948
717 423668187
718 1871751811
719 1138068698
720 1217044038
721 667315446
722 1403625943
723 469009782
724 1799621372
725 280306787
726 330156593
727 1557498966
728 1160447993
729 361329673
730 1608201519
731 766147477
732 263523131
733 1838985355
734 1208850446
735 86148998
736 1046602727
737 1984034301
738 1018283421
739 4407843
740 1932976383
741 988504719
742 1662050686
743 559585625
744 987776274
745 1958954001
746 372355824
747 192669122
748 626865787
749 999010467
750 114643961
751 479208317
752 643402750
753 237389525
754 1833518765
755 667308791
756 443347247
757 7005771
758 499440636
759 1860598604
760 692167387
761 1219339668
762 2088961706
763 840162898
764 705759631
765 643106777
766 190567519
767 910692811
768 795716580
769 787452534
770 934320342
771 1001924067
772 1671283855
773 756905404
774 1606888935
775 184339208
776 173837475
777 718695478
778 1680423478
779 307477938
780 511443010
781 1726533109
782 1522992843
783 1865152360
784 966779535
785 1221748994
786 1974680987
787 1553591029
788 1573844761
789 563474126
790 1676919735
791 1366993018
792 1565550061
793 1247974426
794 1749649507
795 302237224
796 1137598859
797 1395699024
798 1353745059
799 1535211128
800 1037256504
801 1419909721
802 2137172526
803 776959577
804 878437672
805 422658369
806 1340961626
807 441478479
808 824535121
809 1730933078
810 139932109
811 1620157438
812 283251114
813 1616790382
814 556502544
815 524786305
816 1531563574
817 814003947
818 1290589609
819 938568607
820 1158751393
821 491080353
822 389520738
823 1967515699
824 1336730669
825 1779674907
826 526749471
827 758278889
828 1096542715
829 383101602
830 58096646
831 445887008
832 556802262
833 1144687874
834 682226846
835 369534701
836 1574220235
837 206592021
838 167993809
839 1260302919
840 369899543
841 1218838350
842 381267757
843 1706770701
844 785356907
845 976395096
846 756905209
847 1122767428
848 946123036
849 1871165519
850 450076635
851 1898658472
852 1538040256
853 1925878722
854 1228504596
855 1158381185
856 147314846
857 803776168
858 903182312
859 1267704639
860 106473751
861 694270072
862 1408787221
863 364144231
864 1514766377
865 169055982
866 1442823600
867 556222614
868 161765902
869 1532444065
870 398537408
871 1040561729
872 2096670405
873 936424492
874 212584685
875 1216489685
876 900019894
877 358055493
878 945257326
879 2102803436
880 481917896
881 255897577
882 966935124
883 1522175133
884 999958929
885 2143336369
886 1129504811
887 1966606517
888 58097428
889 102070021
890 1818822547
891 811189370
892 1620217031
893 1801478856
894 255071739
895 1598318969
896 1559507001
897 669752246
898 832952222
899 1558260848
900 420640387
901 110136072
902 376133024
903 182127257
904 116969478
905 744751317
906 1547670241
907 1193223515
908 135570919
909 853144250
910 63569172
911 720851940
912 1363417956
913 1254169285
914 1441804906
915 1653626640
916 750244817
917 76068426
918 659823370
919 869038098
920 1136369811
921 173916619
922 772712223
923 1233707157
924 1204477592
925 621096919
926 595752207
927 2035157484
928 1997605978
929 1573290784
930 1440356830
931 775200591
932 1055530366
933 2055452357
934 1992953707
935 922402454
936 1935310659
937 1866068709
938 903093246
939 1675968357
940 165933177
941 2048323490
942 705350205
943 1417561678
944 754801597
945 1227479804
946 1418046891
947 1608104655
948 1933230837
949 1444167178
950 1590424391
951 13473191
952 507058182
953 1465476096
954 1126428285
955 1582266881
956 1841920394
957 1805631443
958 403261965
959 759565522
960 1040171916
961 624471682
962 1382976298
963 662153707
964 491840704
965 1597650279
966 1339790427
967 779861019
968 587697983
969 571896999
970 285221846
971 1554208051
972 346494323
973 1178780371
974 1985209038
975 352814832
976 755080706
977 669074043
978 1117497566
979 1284928428
980 1398498611
981 862857087
982 2037329128
983 1755814004
984 368987744
985 897729418
986 1390851353
987 1062641557
988 742598513
989 65785304
990 626773576
991 986819981
992 406031738
993 1956707240
994 1449381232
995 1261942969
996 1986007926
997 829702670
998 1247208528
999 315905746
1000 1514283957
1001 652306619
1002 322759158
1003 1739180558
1004 1111409851
1005 2069766598
1006 2038322201
1007 361243752
1008 108326946
1009 2146681917
1010 1970936085
1011 1675659514
1012 1329105419
1013 1831087576
1014 1605389343
1015 2078391390
1016 1184762071
1017 1490579249
1018 1193556607
1019 1630171239
1020 923336856
1021 1740193799
1022 764024820
1023 216159423
1024 633264318
1025 1336776039
1026 2047422088
1027 2002125027
1028 1521706115
1029 841645096
1030 1718120795
1031 838257284
1032 834215407
1033 1928339551
1034 1646210851
1035 594906141
1036 302616017
1037 1218897866
1038 2051264931
1039 1054903685
1040 1779452062
1041 1214119841
1042 97062611
1043 1611592361
1044 76393142
1045 1530671000
1046 1206820372
1047 770350582
1048 1367993944
1049 1981014465
1050 1002041152
1051 619259685
1052 618864545
1053 1523261073
1054 533379707
1055 1503097512
1056 1397348269
1057 1327277420
1058 1004483866
1059 913244324
1060 972217144
1061 1810133483
1062 896250663
1063 528725894
1064 891507891
1065 512446858
1066 1879526495
1067 1126372679
1068 1336662483
1069 103226563
1070 1999784274
1071 2051679532
1072 1801818785
1073 730953632
1074 752672454
1075 1796517323
1076 362838627
1077 94996842
1078 1853777641
1079 1228110676
1080 604000982
1081 1056351488
1082 19640776
1083 737130045
1084 1899514079
1085 773894488
1086 1757489011
1087 1564718091
1088 2144407605
1089 563390230
1090 657820612
1091 200228132
1092 965076946
1093 1024507683
1094 75149116
1095 1499933355
1096 1240559096
1097 1355322901
1098 879689808
1099 721612487
1100 855035511
1101 486330479
1102 993565963
1103 1498975030
1104 815048391
1105 2092956658
1106 115079279
1107 795338599
1108 1253675914
1109 599433432
1110 1094220543
1111 825119356
1112 1953034366
1113 1861778270
1114 1090971600
1115 237121302
1116 1824828701
1117 44181268
1118 1163582573
1119 1371220790
1120 1241823873
1121 382536665
1122 1319493881
1123 1728226381
1124 602293819
1125 38870778
1126 1402483930
1127 375572360
1128 1088387063
1129 1717954209
1130 1143543813
1131 520284247
1132 1207395771
1133 1587905483
1134 872806425
1135 354501145
1136 39158859
1137 1042095411
1138 1231761549
1139 665987079
1140 826381418
1141 1201564296
1142 427668837
1143 1170979515
1144 551809388
1145 1069861364
1146 537609856
1147 1419383281
1148 1716559451
1149 252295367
1150 560862848
1151 2122622225
1152 978769525
1153 1476266021
1154 1399822108
1155 308519006
1156 1262072232
1157 858146886
1158 112418745
1159 1438171651
1160 834726647
1161 664993105
1162 1191177991
1163 1664067790
1164 555382050
1165 673157777
1166 1161019194
1167 357504227
1168 1450634086
1169 1105335693
1170 1401555924
1171 1919253429
1172 1345373321
1173 1634844966
1174 1986075348
1175 1187735088
1176 1036409256
1177 630165650
1178 347512236
1179 588937975
1180 365338429
1181 1193115504
1182 23132896
1183 370803851
1184 1469384972
1185 877173106
1186 540993865
1187 502057341
1188 3810429
1189 1115557144
1190 72438055
1191 645005154
1192 590892007
1193 422727605
1194 1283283334
1195 1144828695
1196 678010615
1197 2138204434
1198 2031420450
1199 814662653
1200 159520128
1201 1377151156
1202 1410971566
1203 1277007521
1204 341069417
1205 296569778
1206 318141237
1207 1803190219
1208 191379948
1209 778067460
1210 1539576843
1211 41526982
1212 1774760872
1213 1608093262
1214 577934777
1215 1223871843
1216 1583550157
1217 1666681575
1218 1482235399
1219 56752311
1220 1289934897
1221 265775496
1222 1781186422
1223 1053407428
1224 490852634
1225 1048673108
1226 1290077792
1227 207127713
1228 1691598070
1229 1744365925
1230 1212469606
1231 1679311455
1232 1018793609
1233 869760031
1234 172061971
1235 69050208
1236 1652171756
1237 964740633
1238 98486306
1239 1861786792
1240 485237223
1241 1135555938
1242 2062381407
1243 1185891688
1244 1322141233
1245 1699792851
1246 1749487506
1247 1223312943
1248 755762664
1249 1996508612
1250 1615897227
1251 684667198
1252 1156589693
1253 1174008005
1254 1902083734
1255 976179678
1256 434425434
1257 1556925429
1258 1098669526
1259 883477725
1260 1591410317
1261 425588557
1262 340325554
1263 1109686554
1264 3193084
1265 673687112
1266 1719400492
1267 399372853
1268 757944779
1269 104491479
1270 1847710451
1271 922197701
1272 864033007
1273 1645554639
1274 1706607635
1275 818144940
1276 1106131505
1277 1018639277
1278 1461218900
1279 1314690188
1280 1235237994
1281 1854294343
1282 173093710
1283 118900799
1284 1468884949
1285 585448070
1286 1247336504
1287 1687867126
1288 60338487
1289 1760849429
1290 1040908544
1291 924188145
1292 42832287
1293 359998249
1294 150591243
1295 868250695
1296 1065014155
1297 136559284
1298 72496082
1299 782526362
1300 1303691070
1301 607102641
1302 1119636303
1303 1069649584
1304 2137206411
1305 40508967
1306 1661420524
1307 1426286221
1308 547090864
1309 395835671
1310 990342895
1311 1645664825
1312 1425447564
1313 751760898
1314 1200117199
1315 1530269174
1316 713965827
1317 1721639088
1318 342061880
1319 1149198838
1320 2032058359
1321 132785590
1322 474921624
1323 2054275388
1324 2075294518
1325 1640565358
1326 235648087
1327 837905765
1328 1121338383
1329 1143901790
1330 182987959
1331 1537942082
1332 1110460847
1333 1101205645
1334 1604464367
1335 775147202
1336 1736204019
1337 882841026
1338 420218959
1339 2019025385
1340 661809806
1341 1506951586
1342 1684199811
1343 1909642774
1344 1548275061
1345 1688869160
1346 1508233655
1347 1776883166
1348 1206086929
1349 851905980
1350 678167824
1351 1718237297
1352 1343433748
1353 733445740
1354 188882755
1355 823358541
1356 483735490
1357 1769734506
1358 1958957344
1359 692611397
1360 1522822068
1361 1718211070
1362 1089810873
1363 1514983027
1364 56310289
1365 346697706
1366 2021290236
1367 191038114
1368 770664871
1369 1950976499
1370 1689573783
1371 1802379993
1372 1013069238
1373 278920309
1374 311163586
1375 1905427595
1376 1258686603
1377 1467631599
1378 1408251508
1379 1336997687
1380 1391197789
1381 99935199
1382 833889762
1383 760775719
1384 945826404
1385 821648094
1386 593157085
1387 1913880865
1388 985619490
1389 1807085640
1390 945930985
1391 1329524207
1392 2082440448
1393 512707044
1394 1341542005
1395 621766741
1396 1547566742
1397 346572296
1398 2022336540
1399 1181281896
1400 1122708244
