1 8
2 29
3 132
4 662
5 3496
6 19062
7 106070
8 597646
9 3389630
10 19273655
11 109615868
12 622894980
13 1387975793
14 716775293
15 1864643776
16 531054419
17 2110001000
18 1921248343
19 379288565
20 1529110250
21 584795506
22 1024444132
23 662416315
24 57103305
25 1909678389
26 896909732
27 958268269
28 1960133358
29 560472355
30 1619369907
31 767597977
32 330495187
33 2117539799
34 1653793855
35 771027689
36 1215233741
37 2089702426
38 364577638
39 99158033
40 970589525
41 518048290
42 335314568
43 792617036
44 1777765305
45 1055318038
46 1632908478
47 1381655395
48 707396021
49 106847834
50 941600384
51 901673587
52 883956623
53 206861071
54 2057600786
55 1607082988
56 879220013
57 1868601229
58 604143840
59 862460847
60 1554790784
61 826451248
62 1860102464
63 2108422334
64 592095639
65 308323073
66 1090057416
67 422058093
68 154036226
69 1676968303
70 592160533
71 1409089718
72 261471658
73 455268038
74 1981443012
75 409594336
76 637255327
77 1102744602
78 1639841028
79 656987965
80 2096129033
81 244511900
82 1611320133
83 421676438
84 1158707180
85 1771231546
86 1247318792
87 1134021993
88 48851319
89 1947028587
90 1045900368
91 103675474
92 184231796
93 1595502340
94 80003914
95 1086019522
96 803631014
97 812426303
98 679783045
99 1228965935
100 958753998
101 1029569746
102 1250068644
103 1358683831
104 1848061101
105 360053521
106 1136295981
107 1700899004
108 271053327
109 219845179
110 324450803
111 294711510
112 1677132427
113 1095997821
114 70738438
115 1124693981
116 1443699416
117 1469176548
118 417163640
119 1250037580
120 1649675915
121 1886747314
122 541036149
123 267799403
124 500077475
125 1159992016
126 1569451433
127 2093583023
128 1838820459
129 102488829
130 2017399280
131 827311401
132 1709074654
133 1313339405
134 1261744625
135 1272854511
136 270358399
137 1237719525
138 112568660
139 1911474999
140 728598422
141 1039556601
142 90517534
143 1552166207
144 809202982
145 1461717741
146 436201013
147 1414787593
148 478053011
149 191665008
150 1379252147
151 358421352
152 27322039
153 12651901
154 753596518
155 598354838
156 933918453
157 1769844650
158 1680705534
159 1904402469
160 1486107214
161 1648070746
162 627462839
163 337536136
164 650421134
165 1294445927
166 493194833
167 11517564
168 2083873210
169 773666116
170 1479853556
171 262115137
172 1821818260
173 2016068826
174 702072037
175 1010431776
176 878552391
177 542387710
178 1817993247
179 2055268594
180 394806588
181 1901366541
182 379874283
183 629579471
184 1501401608
185 558610530
186 1713175917
187 1755355218
188 1820951459
189 33871669
190 1169772928
191 355368722
192 677573279
193 822217994
194 1422006545
195 546794690
196 1570777075
197 190225828
198 332448178
199 916451233
200 1173400217
201 252080886
202 450010491
203 624557741
204 242360913
205 1012677856
206 1993688712
207 1936625401
208 2089573035
209 1239191654
210 945318143
211 2099256538
212 522700689
213 36248380
214 1956389646
215 1391404375
216 1527601337
217 884980972
218 1864869710
219 1994680912
220 1033758110
221 1058675136
222 64613322
223 1353077781
224 918166070
225 450771792
226 1854205894
227 1937546886
228 1516707761
229 967722518
230 1236841078
231 1525383640
232 756591737
233 1373936147
234 1469316880
235 296962301
236 552823066
237 1516860491
238 729078301
239 1448329010
240 1467499476
241 1977600626
242 346960019
243 1576097913
244 69260747
245 566636211
246 140888864
247 1712747439
248 20090840
249 1185511792
250 526589140
251 1748760998
252 1038276624
253 842234581
254 1558754512
255 258878140
256 918361553
257 1450893277
258 277954448
259 1860563484
260 1678458896
261 1994596720
262 900631053
263 1760689374
264 1474683406
265 795865525
266 1043612548
267 1832792757
268 499149441
269 1857634311
270 1799939263
271 1338809369
272 507969596
273 1592737844
274 940009313
275 987017379
276 754205893
277 1070594939
278 1333950666
279 941014382
280 1595590922
281 1064532097
282 1468023010
283 1083085183
284 1125167650
285 1181120672
286 202487649
287 1482404572
288 526005717
289 1935443751
290 2098727706
291 1171168457
292 368787349
293 1476463772
294 1484423763
295 1598118694
296 2016230211
297 1835025929
298 375491082
299 348937438
300 2061735434
301 483018737
302 1721369221
303 1292975965
304 325114794
305 1765645303
306 1458790663
307 329712901
308 1169912246
309 493318919
310 733214806
311 1470396010
312 29680175
313 668937839
314 1806437218
315 243946922
316 604703599
317 1219484826
318 20732814
319 545888856
320 1340101510
321 830469553
322 1878534210
323 727191538
324 1379052047
325 1504443198
326 1797255995
327 1537094093
328 339643919
329 137866305
330 129316571
331 764288176
332 1334772136
333 1943530395
334 315604382
335 1856546541
336 753925971
337 495495341
338 1576166677
339 632989623
340 1246497975
341 1756154642
342 455033412
343 1606206877
344 1155845186
345 1188574415
346 1724989305
347 1876043751
348 1116596531
349 2018622504
350 2086568174
351 256586163
352 375668032
353 720425586
354 2035794906
355 1872109724
356 1956426215
357 55552221
358 551968085
359 1858771538
360 1857546402
361 165620
362 1969485964
363 967624372
364 1218218400
365 756408270
366 135978286
367 1330846215
368 1550946197
369 1004052192
370 575363340
371 1993669151
372 819486277
373 196749339
374 94229037
375 645565620
376 95267955
377 708928202
378 1034290856
379 842396717
380 1560306048
381 649655657
382 456959800
383 1670096068
384 1220307717
385 1512505437
386 1912861942
387 1855328534
388 1907243882
389 1085569889
390 928353034
391 138726598
392 533227920
393 1187495350
394 532390396
395 184230204
396 830430054
397 1693582630
398 781330905
399 1188878319
400 1034883724
401 1013630387
402 381117193
403 287036126
404 487337083
405 852992031
406 1475198746
407 273923563
408 4712531
409 1186551017
410 2006792931
411 1646663515
412 877248594
413 692439135
414 350717104
415 177823370
416 1975910902
417 1030149431
418 1149970986
419 1297845686
420 1446450583
421 87773088
422 1383435841
423 1229844239
424 141504313
425 838051172
426 70627825
427 399475515
428 2104164864
429 1354040534
430 1441933879
431 139290622
432 763585246
433 1210143839
434 1991143572
435 163925670
436 1312126522
437 1221973180
438 283113339
439 225269179
440 96575217
441 132796224
442 928760675
443 1699737050
444 1124959829
445 865189314
446 1233422725
447 338390045
448 256949206
449 1331196417
450 2063898172
451 1738868690
452 1547869405
453 1146846614
454 1925355021
455 933513526
456 613864985
457 514751255
458 474011959
459 878326926
460 34050257
461 1822264646
462 2146470096
463 760305020
464 1786959108
465 2021574824
466 506919990
467 257789762
468 429300136
469 647558850
470 619737870
471 1312661719
472 363001080
473 96352780
474 1344420146
475 448957985
476 1062626361
477 1020705578
478 504089803
479 566200930
480 580171513
481 218161912
482 909877239
483 1925050966
484 869272274
485 774875383
486 67786299
487 69579878
488 1902564364
489 731250449
490 1541630413
491 1160157606
492 281054330
493 1064837051
494 835524485
495 1317484887
496 1098323350
497 2108673960
498 2055901784
499 888779370
500 594348211
501 203825739
502 163129004
503 2062243512
504 1247286209
505 603686827
506 1281958783
507 2112771361
508 447508737
509 1557146581
510 924571962
511 1933360980
512 1403828570
513 1446106476
514 32260880
515 758275757
516 1980472671
517 1826261282
518 1215459963
519 1476544549
520 1986220650
521 1357211841
522 1840103295
523 1307741159
524 1486548320
525 1258099567
526 1777480622
527 876119625
528 357910937
529 122834897
530 970101855
531 1932803694
532 665683219
533 1992076038
534 1465338345
535 1755148475
536 619100673
537 882944411
538 450609771
539 91250248
540 807539946
541 757297158
542 1733782352
543 1165158087
544 929614184
545 1570363251
546 151168884
547 2131270338
548 945115132
549 1867054150
550 1026248710
551 1297565606
552 1471438948
553 1401126237
554 2118067489
555 325893351
556 949923458
557 673036672
558 842418772
559 347837804
560 460706450
561 911039692
562 280135934
563 1232194475
564 1513402662
565 1215421569
566 1661804269
567 1494334391
568 584970010
569 149017943
570 677242869
571 482064912
572 1506467598
573 1792887248
574 1851657757
575 650634855
576 1557221921
577 754947355
578 833097852
579 1904577243
580 1599409812
581 574253125
582 2066591537
583 852755686
584 1505037821
585 1143110168
586 817680124
587 504368183
588 348053220
589 164185921
590 965578043
591 1840588011
592 769664572
593 275198977
594 1150676076
595 1068981863
596 560048188
597 1275858230
598 2023451782
599 1637101265
600 1103464864
601 2069650098
602 166259887
603 1443947382
604 805764979
605 854692601
606 724413105
607 2105140605
608 765432863
609 1697863519
610 1994941504
611 1222724118
612 1418973006
613 1540553543
614 951568509
615 1020209197
616 1423315152
617 1484095798
618 2070993364
619 381249572
620 806134595
621 539440495
622 737290345
623 331520497
624 1084975312
625 388476393
626 1335447712
627 1461752731
628 145648564
629 263926353
630 1292141715
631 1774070307
632 1412617595
633 1328759385
634 491882727
635 242931049
636 717730453
637 447853388
638 817347041
639 1295036410
640 1262088298
641 210974046
642 1621147835
643 1501955228
644 268200621
645 97038643
646 878583827
647 1528228765
648 1149705845
649 1108956908
650 36809302
651 1002473945
652 841334788
653 943967232
654 746741805
655 1127097894
656 178244811
657 456839502
658 1058072100
659 34781262
660 234240527
661 564566349
662 826017491
663 832665456
664 397062932
665 809039211
666 1615769440
667 499130367
668 2099795068
669 1410535324
670 1132347683
671 833018266
672 1861448827
673 1893775769
674 262226752
675 679078560
676 1556744281
677 1625720948
678 612685529
679 628395952
680 1496755035
681 2034648128
682 528622665
683 756528667
684 1825129033
685 1971182306
686 307146033
687 1765061548
688 1500611415
689 1095235878
690 2028572713
691 755224224
692 866046218
693 419551552
694 537659718
695 1732101075
696 1219635762
697 1807720380
698 178682929
699 878199159
700 495976708
701 1787411490
702 1890077202
703 453385865
704 1518886148
705 505904540
706 1329190525
707 310171182
708 523119121
709 2102744401
710 604443629
711 1586544619
712 1909883469
713 536778784
714 1753303394
715 1835159242
716 2039233347
717 2045463714
718 1057914186
719 1622263108
720 408053325
721 1987951765
722 1825479712
723 1717438317
724 543416510
725 1735820406
726 978316207
727 1646791949
728 2072210751
729 956025794
730 2139313531
731 182722646
732 426053036
733 851057536
734 2058687629
735 972074765
736 883911867
737 990987797
738 2051075121
739 1254790135
740 504290255
741 1631337652
742 1239600545
743 728708997
744 1098452554
745 1691007551
746 399246624
747 313637828
748 1710363061
749 1932885056
750 932352205
751 472770682
752 1099328340
753 595301844
754 317286515
755 1162962105
756 1450199142
757 1396676377
758 250004222
759 1240346176
760 1595574072
761 2015463816
762 852741217
763 1805590931
764 2067035171
765 1038829977
766 1253700975
767 1549838999
768 412060401
769 2095298081
770 906364285
771 986403841
772 1648159498
773 574592832
774 671988376
775 1799122989
776 1454095883
777 1998432348
778 59550716
779 2043007191
780 1117065090
781 1839285381
782 1757928129
783 1180235986
784 468117158
785 1269246017
786 111510833
787 2094066080
788 1961201228
789 131922831
790 1712463076
791 499060515
792 1849804455
793 682521771
794 813902423
795 858803222
796 1999403368
797 14436648
798 105424838
799 968122108
800 1011705168
801 428922807
802 114851978
803 807621814
804 1882713286
805 1593438239
806 952724733
807 2080765724
808 1571047814
809 1160971806
810 1110255250
811 342226921
812 1010495767
813 976998003
814 1496472763
815 60499929
816 290561592
817 481420997
818 1778550957
819 2055202656
820 487549297
821 1783665951
822 1500543684
823 200510614
824 1015761934
825 22631801
826 975878561
827 33189163
828 1430861435
829 2058515206
830 418907568
831 1952070201
832 1494848738
833 114068463
834 1330606831
835 370791235
836 678832782
837 1664111988
838 1782066288
839 1813233173
840 172824342
841 689225473
842 1411310263
843 1694942960
844 836273967
845 1167724525
846 1121117958
847 344692470
848 532222249
849 1957941861
850 897152169
851 345416729
852 1377647644
853 2143549063
854 912134227
855 699110833
856 1272252930
857 378677526
858 1571196365
859 935897407
860 1153497146
861 859967281
862 1234161846
863 1110492512
864 227273670
865 1480734386
866 455071601
867 30865371
868 233609555
869 675010752
870 580542596
871 635915618
872 85639376
873 612134862
874 1763945329
875 1273835444
876 1929954719
877 2130507986
878 2033132648
879 279713961
880 949187832
881 610087864
882 740818578
883 1747277897
884 44831071
885 624275116
886 1618069073
887 1723715943
888 1315259971
889 659691575
890 168931112
891 1272302032
892 1017605465
893 105840493
894 1457384924
895 1084380999
896 181986534
897 1754218138
898 1242450008
899 301512095
900 962684777
901 1279183698
902 341652163
903 530915350
904 282192736
905 2130334449
906 2056513661
907 1531372430
908 931843174
909 826469454
910 541593455
911 1813540450
912 547175990
913 1256031805
914 1685313955
915 654755824
916 967529113
917 1493673412
918 233090682
919 931682981
920 861305525
921 1827958150
922 1299499024
923 1970735780
924 781799627
925 1084467366
926 509862064
927 1969516034
928 266558142
929 536622638
930 1586428085
931 1724230652
932 976737114
933 474419911
934 1546207788
935 816268558
936 1230501157
937 665714282
938 1764918575
939 1403854389
940 1602692134
941 586753998
942 1496456057
943 120254430
944 1950709516
945 104975213
946 1875900625
947 900366761
948 262870039
949 184809326
950 631691614
951 44490598
952 2018837460
953 1995389777
954 24306492
955 1854429307
956 1597860893
957 1334295701
958 945626819
959 183975694
960 789743977
961 1362183182
962 1119188263
963 535209133
964 1415630721
965 303480493
966 558160082
967 921648597
968 1710881145
969 430545824
970 705718829
971 1962511223
972 1909577272
973 1138565012
974 58232015
975 437353835
976 1944297149
977 603350835
978 807577989
979 374539551
980 1461392937
981 653005782
982 1049445710
983 195458527
984 1260886894
985 1893567029
986 1437892310
987 1531982200
988 120072380
989 418935061
990 1229334633
991 835935237
992 508559538
993 2090880519
994 1805391792
995 993141823
996 515167491
997 584068617
998 1095744860
999 1298776936
1000 227729389
1001 1210980054
1002 1376279165
1003 1340091253
1004 578655206
1005 623019652
1006 50801754
1007 1477784800
1008 1361193275
1009 525111319
1010 2004820989
1011 120806876
1012 322341075
1013 259474214
1014 1231109045
1015 666056245
1016 1910206507
1017 579778163
1018 668272569
1019 437705028
1020 1108375539
1021 2127983150
1022 1794921757
1023 1710818567
1024 2067643289
1025 1165421754
1026 1690298599
1027 762724460
1028 674938279
1029 1075189524
1030 1756550680
1031 95213578
1032 528131374
1033 1484371590
1034 1045570524
1035 1372820386
1036 1885897422
1037 646501496
1038 1906224208
1039 303701299
1040 531523880
1041 1642224615
1042 130657198
1043 477501438
1044 1109432361
1045 1364396206
1046 946654492
1047 1390007497
1048 1665236616
1049 1250472505
1050 252359578
1051 1791112914
1052 203360120
1053 1105525623
1054 31807617
1055 189978397
1056 1458738872
1057 987285706
1058 567880125
1059 1052698128
1060 1528761606
1061 8083176
1062 489792621
1063 1381155804
1064 488980201
1065 1721994672
1066 957400535
1067 1469879821
1068 1956398965
1069 748631316
1070 962413655
1071 1808582361
1072 748650767
1073 1713754336
1074 877808087
1075 1091329955
1076 390645224
1077 1927743060
1078 1516091687
1079 952696029
1080 1098809975
1081 1661453268
1082 434866440
1083 1836019700
1084 1115230273
1085 1808846957
1086 997086478
1087 635861219
1088 325127571
1089 3633849
1090 1630852813
1091 1428585322
1092 527935626
1093 1663872485
1094 89876321
1095 1972811388
1096 773572973
1097 1094415557
1098 110301490
1099 415253248
1100 1480896751
1101 1875522568
1102 1785112662
1103 1657625494
1104 1270917770
1105 282897397
1106 1051644122
1107 579369201
1108 892294253
1109 326275896
1110 1416442369
1111 1275859930
1112 2018721515
1113 1933094473
1114 575434644
1115 767461758
1116 845775158
1117 52534456
1118 1544517817
1119 1041965736
1120 1674401084
1121 1250890337
1122 552969213
1123 264897332
1124 2078252391
1125 1716498682
1126 1010767649
1127 1318961121
1128 188690154
1129 107959401
1130 121373702
1131 67557772
1132 960391210
1133 7916582
1134 55936528
1135 1351110283
1136 961639945
1137 1727644354
1138 1959084195
1139 1617891768
1140 1688094279
1141 116096096
1142 1251072634
1143 616673964
1144 514494391
1145 57952459
1146 1748045926
1147 453308334
1148 403382210
1149 1646811463
1150 1272719534
1151 58420157
1152 131128163
1153 1812975749
1154 61936449
1155 377666243
1156 1606678764
1157 1702337012
1158 1532471767
1159 613471528
1160 306614336
1161 610516819
1162 1580077945
1163 892321433
1164 1448003769
1165 1207471492
1166 552437569
1167 528999092
1168 1379644839
1169 419680015
1170 359231909
1171 1199450584
1172 2089032096
1173 188673144
1174 215561071
1175 586083843
1176 1435836739
1177 967454507
1178 1565365762
1179 1724713672
1180 628523787
1181 1350565575
1182 2016345510
1183 383858029
1184 1284271169
1185 741393726
1186 2103786598
1187 1791313701
1188 2094692856
1189 976792478
1190 758825295
1191 150637721
1192 256015116
1193 1274113805
1194 1394423369
1195 1530789277
1196 805309899
1197 1966221044
1198 1741661436
1199 1790707053
1200 933428545
1201 966134626
1202 639595440
1203 1757839507
1204 785987759
1205 395274345
1206 552409509
1207 105267103
1208 1601045153
1209 2113608618
1210 1082701425
1211 2064829347
1212 1893862143
1213 603590096
1214 621172162
1215 937916938
1216 1011450679
1217 1241416094
1218 532479111
1219 1093982586
1220 1784776865
1221 1839310540
1222 755375207
1223 430159314
1224 466697661
1225 808499089
1226 508760118
1227 1400851111
1228 1732339802
1229 1341724123
1230 173976276
1231 603796907
1232 1792458353
1233 689310256
1234 1413533100
1235 1452587092
1236 2112692058
1237 859812865
1238 1537320713
1239 341287727
1240 1103193615
1241 1603231951
1242 516046307
1243 452419846
1244 799615320
1245 2010999394
1246 320252723
1247 1275898267
1248 1203947953
1249 19065960
1250 1270962580
1251 772397156
1252 2109439346
1253 983244980
1254 2112437323
1255 1199923327
1256 1148772288
1257 671175272
1258 1160254997
1259 1792393134
1260 1944298757
1261 697179388
1262 896004127
1263 1097176991
1264 942229616
1265 371077827
1266 601475995
1267 2084146508
1268 408479441
1269 648726523
1270 2123071192
1271 1644611159
1272 440475877
1273 1164901993
1274 649302146
1275 332668230
1276 948151996
1277 1766023237
1278 1228227194
1279 877757800
1280 283923154
1281 1623890853
1282 1147047281
1283 768435239
1284 1001312101
1285 305932488
1286 2133785440
1287 32117722
1288 17244637
1289 988913671
1290 1252924902
1291 970806710
1292 1713918403
1293 1570601733
1294 1867737145
1295 1199188951
1296 967875528
1297 1920981699
1298 1019998747
1299 1849276673
1300 1810631900
1301 737882011
1302 1434813252
1303 1119002397
1304 1094213928
1305 281445783
1306 160434267
1307 869758657
1308 2007568303
1309 1316527152
1310 443970488
1311 381401755
1312 1801781320
1313 1387556601
1314 1922523661
1315 1598332709
1316 1604957831
1317 2101317408
1318 1761588355
1319 1718430512
1320 1984035169
1321 756676911
1322 1318772493
1323 638708081
1324 190802955
1325 1754523176
1326 1240177249
1327 603514749
1328 2041336022
1329 19372616
1330 2127510688
1331 1641228754
1332 2133117239
1333 615640346
1334 1381880131
1335 1682023898
1336 1217926902
1337 396513115
1338 1267548802
1339 1436149325
1340 1562145148
1341 1307723487
1342 416944594
1343 2031406603
1344 282246113
1345 2057458298
1346 1909334223
1347 182056120
1348 1348842039
1349 304520525
1350 1939858318
1351 864524259
1352 565468618
1353 1648840274
1354 414125871
1355 445696021
1356 196084539
1357 94735187
1358 288252295
1359 639294804
1360 346010726
1361 1887029627
1362 1282297844
1363 1971175573
1364 1443648711
1365 595932106
1366 8076004
1367 153346941
1368 644876801
1369 1189744477
1370 272291109
1371 509698794
1372 841509747
1373 484779339
1374 1269676244
1375 1002635923
1376 1025948379
1377 185952315
1378 1027099217
1379 1506015443
1380 1224251570
1381 1882360132
1382 708495615
1383 1664196371
1384 338512945
1385 117927085
1386 167061262
1387 208093523
1388 1323410197
1389 677960121
1390 2093070075
1391 898221465
1392 642665778
1393 459159321
1394 1364635435
1395 380500331
1396 1766157554
1397 890099661
1398 1001301089
1399 260907457
1400 1560852855
