1 9
2 33
3 152
4 772
5 4134
6 22894
7 129662
8 745587
9 4330612
10 25307152
11 148353217
12 870662365
13 814729055
14 2052305561
15 1690823532
16 1992471052
17 1074082678
18 1526602617
19 1819086147
20 1540913316
21 1606391741
22 687314416
23 505802646
24 1696783272
25 1655711043
26 1211024799
27 175425756
28 481973727
29 2147407967
30 1061612781
31 1887785479
32 100962611
33 1945133735
34 778191427
35 181044130
36 1190698560
37 1582682700
38 1653548540
39 1915082316
40 657182636
41 2071768517
42 95545124
43 2021569705
44 2112906568
45 2070128871
46 78814597
47 2049867517
48 1221933385
49 1366359520
50 61417390
51 2143456200
52 1733132734
53 821283746
54 999145771
55 2033781436
56 1613313579
57 1172628479
58 1651120898
59 1762715190
60 6823637
61 1535198034
62 618840684
63 1170581284
64 1182377816
65 1137988665
66 59670131
67 61680300
68 508820627
69 839432426
70 1777856376
71 2094691822
72 1858997360
73 269605974
74 1609247073
75 1886498409
76 1756532856
77 124978862
78 344745290
79 606222235
80 2067413717
81 688828760
82 617242596
83 797787929
84 1796327653
85 1424157576
86 1149719083
87 793472808
88 997376279
89 498709547
90 827979671
91 1526339453
92 129170497
93 1487361810
94 1805399373
95 820541642
96 1209461410
97 1083885032
98 1520960418
99 73193270
100 1135802136
101 932606026
102 1172708468
103 181147402
104 644711061
105 1310834390
106 1750590933
107 1710036906
108 1987049218
109 2098139836
110 1422887058
111 775219794
112 231208493
113 1922886651
114 1995337292
115 1884336756
116 104957111
117 730039613
118 531895379
119 245989542
120 44128917
121 2123726204
122 1166698864
123 468193731
124 959928356
125 1802617138
126 1360282098
127 1247416898
128 1592677062
129 1837242273
130 1284709508
131 1152060634
132 889801154
133 170393249
134 935231402
135 2064937521
136 1564650070
137 1610345318
138 1699151451
139 390373189
140 1026573239
141 1248345594
142 855081749
143 522235883
144 278172947
145 237053262
146 2106998968
147 1463170019
148 20991254
149 210925410
150 1117454250
151 439665129
152 1396161514
153 1188417460
154 1466529733
155 1313684771
156 1731811950
157 2020936338
158 1488689299
159 92923614
160 1173085095
161 1654952549
162 1150560741
163 1828487339
164 2085900426
165 1912693200
166 420044061
167 173258299
168 1793919999
169 1734917161
170 2089208280
171 1990779085
172 2100742747
173 735015118
174 1515018251
175 1310675468
176 964292638
177 1807472127
178 1343981919
179 197022436
180 531125108
181 1285234970
182 2097393850
183 1783217513
184 1525381405
185 720558827
186 1288648352
187 1436956097
188 1242972938
189 597111339
190 829262443
191 696444254
192 688296613
193 134462102
194 1272165947
195 1811327080
196 1441259729
197 1428874102
198 211490856
199 263097233
200 669950465
201 412920144
202 1597233214
203 1404368104
204 188923153
205 1976691136
206 704972111
207 641734277
208 1167867076
209 1315006313
210 163476005
211 294385689
212 764646069
213 1217345313
214 623496328
215 450429435
216 654951716
217 2039347519
218 1667465854
219 1211917029
220 1683289991
221 1595900358
222 696575452
223 1686159245
224 1059814177
225 1739814911
226 1784381223
227 787607239
228 616811577
229 259135425
230 895385386
231 398895329
232 1888274848
233 2129881016
234 1580754143
235 791688345
236 905780656
237 639547617
238 890624823
239 1523872619
240 1555651625
241 1239082470
242 589800681
243 1099633719
244 484877898
245 260897503
246 1269984189
247 1182116205
248 1007170817
249 800490280
250 1082379340
251 787122058
252 480486868
253 1285591045
254 2076509068
255 1671936112
256 1605482749
257 1705419870
258 1964087173
259 239568119
260 130702255
261 700944070
262 146058939
263 2107276879
264 1521921388
265 1889497674
266 1986307250
267 679559023
268 337648984
269 2020774275
270 435670071
271 445009017
272 25274333
273 1519346875
274 2051045393
275 328762162
276 2113744728
277 708283570
278 261471295
279 1584077762
280 394522982
281 1002709100
282 1389425538
283 521656453
284 1468994986
285 1979880485
286 834068478
287 1019015013
288 1163347514
289 521886387
290 1678110895
291 308633202
292 153132840
293 1517382974
294 113507239
295 325242844
296 245606250
297 1845912122
298 1730297638
299 153724599
300 2098241635
301 2007916932
302 1135012399
303 720186882
304 71741603
305 59436878
306 1250891530
307 905523348
308 1453460680
309 403894268
310 1560995751
311 1694330866
312 1241683535
313 669993711
314 1134818960
315 1820292822
316 1569590159
317 524204334
318 342909582
319 646048779
320 984403757
321 2050759277
322 1945139635
323 906965146
324 2058476845
325 659091794
326 658986406
327 48507118
328 2144222816
329 1771667377
330 445728123
331 1233572633
332 108719865
333 791693942
334 130450582
335 242927241
336 1737358024
337 397495858
338 1864207413
339 1399456878
340 1049105243
341 1394759132
342 882451933
343 524411859
344 1666382965
345 820157246
346 888086736
347 411008679
348 1050788289
349 1014779962
350 1490519555
351 50469814
352 1823792596
353 1743854804
354 163176942
355 175215279
356 160725189
357 395409145
358 1376266790
359 1055824962
360 991506304
361 1253356753
362 1000992013
363 1605245284
364 1925072773
365 1765109496
366 1692648767
367 967126701
368 1953619771
369 760362317
370 1939390493
371 1354281508
372 1719169605
373 1276694790
374 1601283435
375 1160621187
376 393853
377 325632616
378 1703370574
379 958549609
380 2100347013
381 1379280524
382 1428101915
383 942231012
384 1263269604
385 1533714512
386 1014621638
387 1028708269
388 495499182
389 1515566710
390 886451828
391 1028095895
392 1383523497
393 961532959
394 2009674643
395 1751370146
396 1407811914
397 858725785
398 698117732
399 1652683232
400 1549007585
401 1335218417
402 195675454
403 206306974
404 1123339305
405 198539382
406 138186989
407 1491598881
408 1703470324
409 892330926
410 1755383318
411 296121625
412 1674588294
413 83710673
414 1876929163
415 428778887
416 761112779
417 952843386
418 1026277715
419 305853795
420 59810965
421 1136528915
422 116456271
423 157733944
424 1049785855
425 174243746
426 1203205049
427 674898471
428 9756940
429 1346855912
430 1814855471
431 2010785900
432 53800137
433 66032086
434 1996331997
435 1114253692
436 1192499213
437 440535383
438 849398825
439 473993931
440 581590073
441 22171527
442 1762309323
443 1080973943
444 128900192
445 1824181353
446 1562388103
447 1389569072
448 843618176
449 335073454
450 635486170
451 1257437479
452 1494601612
453 1299411288
454 1633826752
455 728680685
456 1337174270
457 830157778
458 1148528819
459 131293442
460 496062542
461 558367622
462 485045410
463 1560877392
464 1194894620
465 1458419885
466 1669643724
467 848741889
468 1634551506
469 1548054321
470 1410377233
471 1190182434
472 1628891681
473 1770888487
474 2144783507
475 642465689
476 1966486983
477 801528443
478 1109699432
479 1225397147
480 878053725
481 42239861
482 907829219
483 172401527
484 1233286490
485 464656103
486 485727891
487 1544554838
488 1055704221
489 2085435717
490 167085131
491 799209729
492 1032694699
493 1468489317
494 1123409389
495 628652112
496 818220536
497 1981130913
498 268933849
499 864147406
500 453868912
501 968283715
502 1019538143
503 119758763
504 19074733
505 1340551986
506 922214005
507 110021953
508 94762769
509 20911907
510 1994884244
511 1878289713
512 571472499
513 1213299950
514 102918919
515 1711014557
516 753032967
517 364377898
518 49226233
519 1643232057
520 406019922
521 477427012
522 1653706910
523 1415287350
524 786007958
525 1535808715
526 1155313837
527 1827190039
528 469611863
529 410120384
530 891772215
531 1246210743
532 1067237062
533 990799653
534 1411248097
535 1797363889
536 1004629789
537 1169117904
538 461377980
539 368407494
540 523480084
541 766981009
542 1474449604
543 359033203
544 716152563
545 598828178
546 141450758
547 362857256
548 1733874516
549 1215213272
550 119580860
551 18530451
552 862522423
553 2038387817
554 883785188
555 1817775207
556 416758275
557 1203803855
558 1545849602
559 1194375698
560 453023790
561 671714927
562 1741885808
563 641580787
564 678886319
565 369792304
566 775080951
567 1656098115
568 209681309
569 113039794
570 661020349
571 2029113359
572 1130467820
573 906544253
574 1337040200
575 1668292849
576 1780165748
577 1832090679
578 1608614094
579 132849482
580 137143126
581 126676452
582 2044246146
583 517105855
584 717000874
585 1231271563
586 399364197
587 351760664
588 1845482398
589 840826847
590 960195192
591 1383297008
592 73141454
593 2049050589
594 1885484369
595 1053752722
596 418697631
597 26151844
598 490906460
599 368002414
600 745238877
601 318923038
602 1830743638
603 1389710932
604 1373340815
605 1694185579
606 1818529292
607 1690911030
608 768449069
609 152992644
610 1888929609
611 1674953251
612 904258252
613 1724295000
614 45568650
615 1841910759
616 1317878282
617 1549738577
618 63320440
619 1468840088
620 1508513758
621 2038087145
622 279275816
623 1060549953
624 140110099
625 1966689804
626 217342315
627 1480105412
628 2033874621
629 885436187
630 713876942
631 2021097450
632 1727442002
633 1623240414
634 2035634075
635 610954644
636 607098170
637 1060782397
638 488205859
639 887968659
640 1840647300
641 552073435
642 1418782572
643 1351296980
644 361007483
645 1668948031
646 1143616684
647 1761855846
648 2099830453
649 480778736
650 1336800182
651 1960986628
652 233134931
653 99594635
654 2049149990
655 658892480
656 1111599089
657 1122500943
658 1457174527
659 432098469
660 388544208
661 1990858939
662 1910761052
663 542711008
664 65295623
665 302132767
666 2094289730
667 1903871095
668 659211239
669 17031004
670 1140021035
671 672021994
672 505881411
673 2113086630
674 555732272
675 607508905
676 1978494534
677 1057360150
678 1090561805
679 2015710820
680 92236843
681 1388755015
682 619677754
683 1282664898
684 1867712439
685 1065731223
686 1169109428
687 1952085810
688 1035224670
689 2006264541
690 569560470
691 1515082504
692 611984247
693 1971577260
694 210181880
695 964948737
696 1884298340
697 344866969
698 1202699442
699 430058512
700 895449324
701 211868687
702 1320780722
703 307205371
704 544135999
705 106302518
706 1978312373
707 943241341
708 273408415
709 1219287096
710 1748618503
711 1730831566
712 449338110
713 580870642
714 1968444421
715 493521768
716 1653921580
717 785106054
718 893486359
719 2027088926
720 1190398868
721 768684904
722 491182944
723 700669041
724 425025771
725 755283093
726 1486357171
727 1894996026
728 605872061
729 1723182862
730 2038553508
731 660949157
732 1557781612
733 727611700
734 574496201
735 144680520
736 402052219
737 1596547111
738 1864146249
739 1003191250
740 187341413
741 935762947
742 1010377932
743 1297083840
744 106883816
745 262697637
746 613678371
747 2046840039
748 365920620
749 2146005537
750 575303209
751 1532516400
752 1769174702
753 1961153512
754 1680123658
755 2086470848
756 224849247
757 1676923560
758 1384178723
759 490206397
760 1983877551
761 2066922261
762 281016627
763 406493236
764 777989817
765 461396874
766 1674417693
767 1325303745
768 340339264
769 284688075
770 1030159982
771 443360556
772 353630798
773 120124358
774 17588895
775 790517528
776 2124530776
777 968217126
778 119388066
779 43000189
780 844733948
781 713679174
782 41001332
783 2042475418
784 2073901189
785 682183298
786 1272954442
787 1800928941
788 145487639
789 803262943
790 663495693
791 999073011
792 1258523369
793 535594543
794 702020883
795 1731516529
796 1119083382
797 2061332942
798 621993779
799 524150135
800 1900733058
801 1520443793
802 484615805
803 975186074
804 20387585
805 2013789972
806 877646285
807 1020161
808 1431403285
809 1438526400
810 224677071
811 1291453652
812 689028162
813 264367451
814 1307577024
815 1307241726
816 1731566409
817 1636826843
818 1019481604
819 1135225719
820 576942257
821 348148522
822 1724444894
823 210968485
824 370855727
825 1337995034
826 1571742239
827 2079134463
828 765698865
829 1824860978
830 1337120859
831 1137510471
832 594436099
833 576158290
834 1053484782
835 938066870
836 2089448259
837 1730541412
838 2050416347
839 1900245162
840 1229219481
841 55678512
842 1332109111
843 589029137
844 2140069408
845 177547766
846 1898633891
847 2100346300
848 77685418
849 26998934
850 1160487966
851 1838466437
852 1280679253
853 2118615848
854 1998304610
855 1465918191
856 1867990158
857 537546414
858 541205523
859 252757134
860 1376375639
861 1224694162
862 844129887
863 869086347
864 1545311956
865 1059726369
866 1991839813
867 33353015
868 1309675000
869 121168399
870 1788422408
871 734893327
872 540949986
873 2015295332
874 390275679
875 140309305
876 1885099763
877 1789785854
878 1359849195
879 1925734987
880 44494830
881 1827193392
882 61255803
883 1227400113
884 617069294
885 409843427
886 2072562299
887 1051319700
888 2074921120
889 613350189
890 1733943707
891 739204219
892 548628013
893 1284817789
894 937772842
895 17167994
896 1050920819
897 2004847777
898 869382224
899 1285472710
900 2100179636
901 683746693
902 190837829
903 731367935
904 740083551
905 1704148080
906 1532237739
907 1883324382
908 368360817
909 105540892
910 1053045292
911 840159084
912 685375528
913 922348431
914 1227383739
915 299818161
916 1277172936
917 1034566087
918 189709759
919 527386607
920 629345726
921 736221505
922 1699772629
923 933963770
924 1499463580
925 312765172
926 1964925762
927 1031072111
928 1561071410
929 1745494557
930 1372972537
931 4599934
932 153183222
933 570563008
934 332901347
935 987768527
936 261425540
937 636265321
938 1579413547
939 2053738310
940 559267486
941 903015532
942 1424903987
943 1922558343
944 1529624604
945 688814861
946 1650103995
947 1846148895
948 1230211255
949 1442283987
950 776032897
951 828038857
952 2072447887
953 1513702122
954 1884218360
955 1189646024
956 1564407390
957 1416922694
958 228632541
959 684597362
960 507255480
961 346247179
962 302881092
963 196896417
964 580358004
965 8105874
966 785002093
967 1746286086
968 777958266
969 1434252523
970 1993581037
971 1414856968
972 1027866272
973 2036139739
974 691982601
975 1386008194
976 2067936402
977 1399405581
978 1134203573
979 1860821837
980 802821141
981 1315113555
982 1300948687
983 230013800
984 1535926740
985 59983656
986 942359678
987 254143836
988 493041357
989 942150190
990 1089286096
991 1279641366
992 587255832
993 1454541860
994 1056250995
995 1602631670
996 32719654
997 1575092969
998 1134494667
999 2097678909
1000 1316621861
1001 940268589
1002 291576225
1003 1000881600
1004 440257703
1005 723548518
1006 1555952448
1007 869988851
1008 1290875011
1009 1014518286
1010 943923347
1011 1741242083
1012 1572988984
1013 850502241
1014 1463652851
1015 1148023544
1016 927966496
1017 1419179275
1018 1163436710
1019 1964317358
1020 1213821504
1021 324470045
1022 407795768
1023 697121842
1024 648821810
1025 554649377
1026 2059721024
1027 662025890
1028 1703948616
1029 700288676
1030 228827057
1031 1994697542
1032 1394233216
1033 909605482
1034 158099613
1035 706388876
1036 1803862151
1037 1570178882
1038 2105955428
1039 898604106
1040 1786357811
1041 593597643
1042 1604990555
1043 549301039
1044 1934970516
1045 2066324258
1046 1379154862
1047 360644371
1048 577309169
1049 320554017
1050 806770153
1051 1098869499
1052 1239737445
1053 1208107048
1054 791824978
1055 1248409116
1056 128448888
1057 1912399693
1058 632393862
1059 412714453
1060 1758530375
1061 1441711075
1062 219423438
1063 2060531224
1064 658294619
1065 949360166
1066 1357699591
1067 1762870731
1068 1549207736
1069 1599487243
1070 1049317905
1071 1571887586
1072 1270561502
1073 1060731911
1074 925377600
1075 1668775315
1076 1432367141
1077 40338810
1078 189401908
1079 830249340
1080 1134867506
1081 658922621
1082 1141792497
1083 1418560902
1084 176849834
1085 1792195516
1086 335495116
1087 1385586978
1088 1983719817
1089 429918010
1090 346429342
1091 1745866532
1092 527339008
1093 1629926997
1094 308817638
1095 243067974
1096 391936477
1097 1288523765
1098 1198725603
1099 67341843
1100 459612352
1101 204941785
1102 1801690841
1103 978704433
1104 1341124920
1105 87004095
1106 1442024672
1107 1692829137
1108 644665370
1109 2129440413
1110 724618083
1111 1623238580
1112 1725030175
1113 184427172
1114 1311788197
1115 224302300
1116 1723269441
1117 1398477181
1118 909047721
1119 852101938
1120 1429282198
1121 586051753
1122 582394636
1123 1874159533
1124 697607039
1125 1591836308
1126 288970519
1127 1673977939
1128 2106597719
1129 878099320
1130 285037509
1131 1769008333
1132 925103273
1133 214460487
1134 1650071044
1135 1761203197
1136 851098927
1137 177224560
1138 1758844798
1139 1056333094
1140 258101718
1141 360300227
1142 1286358920
1143 1789379468
1144 1921817847
1145 669572819
1146 1622055362
1147 507902427
1148 1543800690
1149 1147035555
1150 1604705684
1151 1810892897
1152 280005472
1153 1990922611
1154 1312761831
1155 1893860143
1156 31348751
1157 1496005358
1158 1682054537
1159 1353127050
1160 521237280
1161 2065807676
1162 1036516193
1163 1372244799
1164 252122693
1165 100549780
1166 1575310514
1167 282251179
1168 1411420104
1169 45344814
1170 82570910
1171 1456220070
1172 1128737334
1173 468287868
1174 744447733
1175 1353646540
1176 1325855398
1177 683390058
1178 729569551
1179 1142019880
1180 1789533119
1181 1926575982
1182 989041678
1183 1092636072
1184 1990989512
1185 1307856038
1186 883711202
1187 83496641
1188 983228882
1189 2083373759
1190 643231193
1191 2130131349
1192 1357662423
1193 1651769669
1194 1098269647
1195 843361072
1196 1979293925
1197 73689676
1198 84298371
1199 1330886470
1200 1425662068
1201 1735590506
1202 1948726875
1203 998019505
1204 1074182636
1205 2007620231
1206 1859658259
1207 1502662073
1208 125170828
1209 1812133765
1210 1822742740
1211 577865518
1212 2038976002
1213 1122625851
1214 1238740553
1215 2118957751
1216 1836248852
1217 1778359883
1218 1614164522
1219 421846124
1220 635824594
1221 341307143
1222 85632370
1223 2073185263
1224 1957159473
1225 1251177975
1226 348048998
1227 128556859
1228 1700370134
1229 974789733
1230 220405555
1231 857761100
1232 1790231172
1233 1255165294
1234 1077234634
1235 1229754594
1236 1275042888
1237 925228233
1238 1471692570
1239 210862039
1240 547725334
1241 772853602
1242 1640802606
1243 795683924
1244 490430206
1245 164090501
1246 2081938285
1247 826103709
1248 1974902473
1249 218334491
1250 91369055
1251 296809358
1252 964927334
1253 112912724
1254 546838584
1255 71993762
1256 1365324869
1257 2132316421
1258 1228073995
1259 1272236950
1260 576853439
1261 855936395
1262 77097318
1263 845692522
1264 99325318
1265 194450317
1266 935606069
1267 1308813877
1268 412835496
1269 1301998678
1270 392248408
1271 1059409362
1272 1813482529
1273 74738008
1274 1377945118
1275 1375023106
1276 1357351127
1277 1810617318
1278 1184868909
1279 86778030
1280 794539373
1281 126883866
1282 1378242423
1283 686277259
1284 97476114
1285 795811819
1286 1095154967
1287 1195526380
1288 676641566
1289 1053758694
1290 603922125
1291 1479619548
1292 415196924
1293 1547974699
1294 1505622133
1295 2001547264
1296 178861441
1297 1990616784
1298 1284619148
1299 546757261
1300 1860761228
1301 743210305
1302 986511646
1303 1659254514
1304 1744737093
1305 1742679929
1306 1264131911
1307 24832371
1308 1997167267
1309 98367007
1310 122142491
1311 1579433923
1312 1876245916
1313 2043753814
1314 1666367284
1315 741976723
1316 549809397
1317 342209797
1318 1069638537
1319 1164256016
1320 1671009497
1321 879369052
1322 1369228268
1323 73663575
1324 345902744
1325 185529207
1326 1560871122
1327 1802473021
1328 1820329705
1329 447080122
1330 876558575
1331 478316943
1332 1669690359
1333 19354966
1334 357089314
1335 667600398
1336 855437725
1337 1214358295
1338 981159303
1339 134616261
1340 1211745200
1341 272933147
1342 719689683
1343 1286000193
1344 1645039194
1345 1463258780
1346 1941430040
1347 1139774965
1348 1017644030
1349 346625898
1350 977603185
1351 1874504283
1352 2037391822
1353 1597332568
1354 622916265
1355 1391671003
1356 451325281
1357 333892719
1358 454170555
1359 787951769
1360 276719193
1361 1853801818
1362 1341191420
1363 924595095
1364 1723850848
1365 1959008864
1366 1566171474
1367 1854820000
1368 333304823
1369 1385499622
1370 1330201846
1371 1432785018
1372 125491819
1373 28962581
1374 1359580889
1375 400843872
1376 1978650803
1377 1944394326
1378 1825018759
1379 1370430057
1380 130325673
1381 987200828
1382 1695922369
1383 97881894
1384 1928383759
1385 811663714
1386 807617139
1387 384196780
1388 1382416281
1389 2003076779
1390 237551925
1391 1178491695
1392 1731504783
1393 1914107993
1394 1309299641
1395 1705077830
1396 245348260
1397 1053611304
1398 1711365349
1399 1602872740
1400 1466280001
1401 510233326
1402 1361612851
1403 1547479571
1404 85716635
1405 384088982
1406 1546608669
1407 1336158713
1408 927509418
1409 1357179770
1410 759884243
1411 1053879026
1412 1208613515
1413 1139904772
1414 1793223990
1415 1077843924
1416 1861458182
1417 325042895
1418 1128956371
1419 923454487
1420 1202823426
1421 1225858332
1422 1715850109
1423 361204795
1424 1681314239
1425 1388451914
1426 184636716
1427 602413584
1428 24038055
1429 1600381848
1430 707453799
1431 93711040
1432 1260179465
1433 542017561
1434 510540045
1435 1210006897
1436 1357914626
1437 1735391319
1438 1339459133
1439 861617760
1440 1958754136
1441 1472402912
1442 2133490443
1443 549802311
1444 2015936295
1445 1063644085
1446 1521445575
1447 1379860807
1448 860019494
1449 1912248270
1450 2061215028
1451 1084415555
1452 1324542399
1453 947333842
1454 611190151
1455 139647679
1456 2118499866
1457 351246437
1458 650424420
1459 1442829214
1460 868630164
1461 1612756036
1462 1586544070
1463 944263802
1464 1159756310
1465 2114384799
1466 474777328
1467 963726837
1468 10469076
1469 2116257435
1470 1793563982
1471 342718508
1472 1537023007
1473 668634754
1474 832205143
1475 1197972903
1476 852911691
1477 42812448
1478 1044969706
1479 1381404594
1480 334897237
1481 694544614
1482 2101556362
1483 410615830
1484 235781013
1485 593103779
1486 146987809
1487 578978738
1488 1380152026
1489 1917515300
1490 1556961577
1491 632684852
1492 265258497
1493 1237524190
1494 1647273321
1495 444510835
1496 853702376
1497 1436338993
1498 222015423
1499 437995402
1500 386926204
1501 1652053138
1502 1877110924
1503 1466766838
1504 668608291
1505 280768068
1506 2020663924
1507 2050726625
1508 1312272464
1509 1560296046
1510 353475668
1511 334576082
1512 1798749322
1513 326917807
1514 999557737
1515 1653568787
1516 1211085235
1517 2019515596
1518 1332890750
1519 1189373514
1520 624336000
1521 1905729773
1522 253340354
1523 763140313
1524 1917640625
1525 131774975
1526 620441954
1527 402408066
1528 605154114
1529 1083780767
1530 507769504
1531 1549823309
1532 640223025
1533 553250902
1534 1318947683
1535 1960466555
1536 2021949997
1537 157271664
1538 1973681023
1539 1854437063
1540 1729265673
1541 1046380253
1542 466343901
1543 476325289
1544 1573193101
1545 217072150
1546 1525330328
1547 1482120597
1548 213057599
1549 776165328
1550 869332205
1551 1582455735
1552 2130878992
1553 1833677269
1554 1924675624
1555 420736505
1556 745202523
1557 439508298
1558 1219348174
1559 224213047
1560 556013948
1561 2037618312
1562 1747935273
1563 728649329
1564 1309197658
1565 1829997394
1566 58703082
1567 1992072204
1568 730135416
1569 91704251
1570 16090307
1571 1728480965
1572 1118703024
1573 2144227995
1574 1715224711
1575 2065383064
1576 1246920627
1577 1302417094
1578 685415601
1579 93823839
1580 1749248082
1581 293711373
1582 1155669286
1583 2054840350
1584 276532157
1585 1975888892
1586 136242834
1587 1844396567
1588 1979779842
1589 890367246
1590 2143812316
1591 247725483
1592 272109841
1593 825535149
1594 721171825
1595 1341291899
1596 1209737572
1597 66535364
1598 2001682923
1599 604257776
1600 1159193895
1601 1575376227
1602 1860439023
1603 1199246564
1604 185482126
1605 1782491960
1606 418099823
1607 1572071630
1608 1700194747
1609 1933088253
1610 1529925932
1611 1678251778
1612 1279873192
1613 1001545791
1614 147172646
1615 938639111
1616 735045844
1617 1350017784
1618 2068897337
1619 827463581
1620 371489193
1621 1229958827
1622 1812723760
1623 1752185438
1624 1423626141
1625 1476428158
1626 1769899702
1627 131934413
1628 870613359
1629 1148884162
1630 188884170
1631 1250985938
1632 1130205082
1633 696456105
1634 625654577
1635 415879501
1636 422441473
1637 1682793360
1638 2041121019
1639 1397567732
1640 880617635
1641 59687493
1642 1156350083
1643 89478060
1644 1066750751
1645 1810952045
1646 17028108
1647 2136449545
1648 502596231
1649 1972539122
1650 597577696
1651 116983823
1652 2122433892
1653 1887663205
1654 1651433902
1655 368536541
1656 1041089441
1657 1368689324
1658 626260959
1659 1594537924
1660 1647478131
1661 1007372000
1662 643131674
1663 241287837
1664 462761091
1665 1145438038
1666 1040219482
1667 1345499854
1668 2074506255
1669 1712051400
1670 1160973944
1671 1368101597
1672 885528214
1673 1298391484
1674 873220296
1675 60389344
1676 1947819458
1677 1555671044
1678 319318844
1679 424315695
1680 342586252
1681 816365764
1682 1896776922
1683 176437347
1684 146086075
1685 1859952040
1686 89288232
1687 632285733
1688 944790680
1689 2111975898
1690 2074610
1691 1188844
1692 1697413259
1693 2096441122
1694 390820474
1695 270890760
1696 768822202
1697 407324810
1698 1960419062
1699 2143146926
1700 1850397805
1701 162633147
1702 1075114230
1703 1565892008
1704 1365998860
1705 368008672
1706 47902523
1707 1351213014
1708 731361380
1709 1332432300
1710 435139910
1711 852090014
1712 1917359090
1713 1698040325
1714 2007475710
1715 1796415127
1716 180693347
1717 991355419
1718 412592744
1719 1058530374
1720 408662742
1721 1617420149
1722 861169576
1723 1499426944
1724 1544339710
1725 926904853
1726 1571007370
1727 1423067087
1728 1390805655
1729 120400757
1730 1400496859
1731 569010116
1732 1756172402
1733 635214323
1734 309894452
1735 458119361
1736 1850594662
1737 1809709359
1738 88524460
1739 878404551
1740 1137343994
1741 1189342821
1742 347907107
1743 1890442790
1744 394822907
1745 1306084178
1746 824532798
1747 1307705599
1748 1663975123
1749 507924948
1750 1279697304
1751 1681812421
1752 1195803786
1753 436799646
1754 1015935695
1755 1785955818
1756 1182661672
1757 580246061
1758 2090759811
1759 1218696449
1760 129474243
1761 791250571
1762 262958105
1763 1079465267
1764 64999696
1765 112531374
1766 484696241
1767 1666291006
1768 493788905
1769 1934284905
1770 1056612661
1771 260045848
1772 1599311279
1773 8848633
1774 859712934
1775 1025961732
1776 1993776350
1777 1259423415
1778 1713876065
1779 707871884
1780 1799114736
1781 1630509707
1782 344635166
1783 13191395
1784 530687335
1785 1098037521
1786 1596444400
1787 1741847912
1788 764156361
1789 622610753
1790 1515752628
1791 1449853009
1792 934919795
1793 1170256783
1794 1542854856
1795 2103710646
1796 1510593489
1797 1011702799
1798 214061577
1799 1959080512
1800 1327217266
1801 1868855783
1802 698558297
1803 298964303
1804 1754295570
1805 1381953569
1806 446929157
1807 1612717
1808 1854824175
1809 1917453019
1810 1719064283
1811 1765869577
1812 239952318
1813 935563722
1814 978166277
1815 302389231
1816 681074475
1817 963154032
1818 119316139
1819 109148016
1820 1404720257
1821 1674265857
1822 2131408213
1823 346019878
1824 953282810
1825 1733134920
1826 1086682259
1827 1976912585
1828 954093389
1829 510888212
1830 2145022526
1831 1329269917
1832 1281532939
1833 1045952487
1834 932901538
1835 913578856
1836 1284450523
1837 1431719120
1838 1475418932
1839 1707123790
1840 1023277922
1841 1369111583
1842 936443623
1843 1811071090
1844 1679206561
1845 1223662499
1846 159686133
1847 431907670
1848 833397786
1849 1094028044
1850 1621282830
1851 7548598
1852 1689714133
1853 1457717773
1854 1191458218
1855 1726784330
1856 1273111449
1857 1039467058
1858 1707423790
1859 262668319
1860 936656873
1861 1009120324
1862 681240118
1863 2102533550
1864 488589441
1865 1330293961
1866 1243386566
1867 1379048542
1868 1564875204
1869 1462035100
1870 2146640455
1871 1736842276
1872 644620050
1873 1870093441
1874 601982200
1875 55857688
1876 1541354393
1877 1520650274
1878 1884082113
1879 532060698
1880 1273154384
1881 611577184
1882 647391532
1883 98750664
1884 598588775
1885 599713282
1886 709443384
1887 1668216023
1888 257439645
1889 664666079
1890 1276667908
1891 226545038
1892 1849620188
1893 1384964197
1894 1062082296
1895 633554330
1896 578727126
1897 2139376689
1898 2108418363
1899 115208301
1900 1558358594
1901 798558713
1902 1462069094
1903 1333977655
1904 1171286996
1905 476329323
1906 1820477525
1907 422705281
1908 525323167
1909 1062469732
1910 1224073355
1911 796313400
1912 1094477681
1913 1904369479
1914 964823200
1915 1915459823
1916 463131198
1917 1079356489
1918 256089477
1919 2033653300
1920 1523517021
1921 770072953
1922 549261611
1923 1304498004
1924 1816831198
1925 1658544256
1926 1990702190
1927 1120836385
1928 665150734
1929 720485322
1930 600762992
1931 497705244
1932 333822924
1933 69347232
1934 1012478698
1935 1583888162
1936 1005616660
1937 47046261
1938 448807391
1939 1125925243
1940 779605091
1941 1203044624
1942 1250945157
1943 1982999066
1944 1711716120
1945 1936537447
1946 993042416
1947 654654217
1948 714255107
1949 704734220
1950 996403227
1951 1945587244
1952 20952175
1953 1079211164
1954 1401168737
1955 528974974
1956 1658456690
1957 1166173760
1958 575304243
1959 208229842
1960 1130702123
1961 1892946332
1962 1068003880
1963 585566369
1964 1675542625
1965 581396377
1966 1537957531
1967 1426692081
1968 1234228034
1969 368042423
1970 1542178883
1971 1063075131
1972 1034276149
1973 298443291
1974 1131605622
1975 1687921863
1976 1001290366
1977 1614006741
1978 635873191
1979 2143308660
1980 2066261127
1981 755159403
1982 808889133
1983 1788437398
1984 1978718497
1985 782549693
1986 1550548762
1987 1906727919
1988 1440568452
1989 232757714
1990 1500610936
1991 456106302
1992 1530892785
1993 795675252
1994 941732254
1995 1287899367
1996 2083559323
1997 165946530
1998 1695499555
1999 1580055516
2000 1273391479
2001 1510717333
2002 1610916523
2003 135709543
2004 858379815
2005 87194370
2006 459407021
2007 480357897
2008 1995440802
2009 536439879
2010 1671886920
2011 222203567
2012 1659623090
2013 61407169
2014 1516817108
2015 776217838
2016 51750341
2017 450584243
2018 120220434
2019 1207807044
2020 844730518
2021 1359986220
2022 1078638661
2023 1626846044
2024 1364008145
2025 725700667
2026 1710568136
2027 558601354
2028 1817691360
2029 1953859357
2030 542707989
2031 1100638107
2032 113015003
2033 1476911303
2034 513418117
2035 746664487
2036 187342129
2037 1844816342
2038 16781371
2039 986695156
2040 1873140498
2041 1229971838
2042 1103914881
2043 340803655
2044 918784687
2045 1829425901
2046 831611366
2047 997395965
2048 367104701
2049 1301894248
2050 459520936
2051 1036425585
2052 402381225
2053 439375993
2054 2022668544
2055 953878402
2056 190011673
2057 450543478
2058 1491916491
2059 1255692756
2060 1760676482
2061 1251779330
2062 858055423
2063 1645784290
2064 1588817003
2065 922610642
2066 1349718172
2067 1793303280
2068 1043731423
2069 1044137540
2070 644551788
2071 775941418
2072 2138694036
2073 157690344
2074 732044634
2075 1052334872
2076 2050652797
2077 1313322342
2078 2114825746
2079 1142440833
2080 1484179938
2081 117879757
2082 1299920801
2083 1002065785
2084 486650720
2085 2052353402
2086 2098938193
2087 119299432
2088 721847299
2089 912822789
2090 1440028519
2091 129991181
2092 1050589789
2093 1603457553
2094 1393452610
2095 787463063
2096 1820712383
2097 2128950294
2098 1979982135
2099 133673013
2100 288936630
2101 625920856
2102 394541140
2103 81050905
2104 2007778505
2105 792572391
2106 2070452692
2107 1466110525
2108 1750676862
2109 1742416184
2110 549196581
2111 2027236688
2112 1865878438
2113 618109276
2114 218650158
2115 1679988070
2116 1630952693
2117 1049322670
2118 755782893
2119 1508024610
2120 1882043244
2121 177390201
2122 1624294800
2123 454521617
2124 1702049857
2125 123486762
2126 1563031976
2127 1996333516
2128 1344192894
2129 1829223814
2130 1827199227
2131 147956239
2132 357701277
2133 440096527
2134 17020502
2135 1572069725
2136 1568943963
2137 537395581
2138 238934398
2139 771361460
2140 921929674
2141 60732159
2142 1263649228
2143 25152840
2144 3923207
2145 594774867
2146 1765050019
2147 221056204
2148 1077190232
2149 601149103
2150 1812019980
2151 609745189
2152 1067205823
2153 899238315
2154 578707002
2155 286848493
2156 1057762506
2157 1699282150
2158 1931585496
2159 445416496
2160 934236938
2161 1780990729
2162 319935737
2163 1096942688
2164 1178095872
2165 1422416335
2166 830296160
2167 989451087
2168 552173457
2169 2049532896
2170 1964474645
2171 850395310
2172 932207866
2173 1532433323
2174 384223518
2175 2039187050
2176 1521760390
2177 889231985
2178 1205170478
2179 807251248
2180 458264418
2181 1478725953
2182 961545166
2183 1939692427
2184 897886371
2185 234510950
2186 1335091988
2187 876357040
2188 1487448899
2189 1989369460
2190 1953363462
2191 365985945
2192 1252107957
2193 628804525
2194 526703308
2195 944030123
2196 1590989875
2197 748062507
2198 114204599
2199 682164057
2200 1239729463
2201 119640821
2202 198246985
2203 1393056730
2204 2045203937
2205 1217862117
2206 148717177
2207 1569887794
2208 746741662
2209 319691631
2210 1477859139
2211 1396317463
2212 1307718978
2213 1541945797
2214 1742919165
2215 1861289351
2216 2065079999
2217 1275603614
2218 1254191283
2219 1708883778
2220 1203214827
2221 1565654145
2222 1706510739
2223 506279105
2224 954204132
2225 667484357
2226 1374513182
2227 2092505377
2228 1866195098
2229 379653757
2230 605959788
2231 866934756
2232 550903070
2233 1672607963
2234 359325572
2235 3473798
2236 1096447415
2237 1040433553
2238 2122642878
2239 1083871615
2240 1870487686
2241 7706242
2242 136181726
2243 1273204345
2244 552713389
2245 183281920
2246 1679374760
2247 32694613
2248 428635412
2249 331772138
2250 1967471937
2251 2098620348
2252 2091966255
2253 1409844498
2254 536990784
2255 337015444
2256 234728624
2257 1143039901
2258 1425122751
2259 456432284
2260 1639492541
2261 1861481674
2262 830490569
2263 492968084
2264 1849228560
2265 754039888
2266 907215454
2267 904565374
2268 989796378
2269 1049695274
2270 563412886
2271 1432072874
2272 1956047489
2273 1514562273
2274 1703803563
2275 1265894121
2276 1697968267
2277 1333147080
2278 1276566125
2279 370150418
2280 2038434374
2281 298235673
2282 1632795950
2283 2044728942
2284 1164472844
2285 63451864
2286 1439739961
2287 1909974575
2288 1142090807
2289 566434658
2290 831304892
2291 40635779
2292 1759157819
2293 407996986
2294 810584184
2295 780063789
2296 514298400
2297 902665941
2298 2100189524
2299 230547288
2300 1604688876
2301 106235725
2302 410545387
2303 1086051947
2304 874017615
2305 1755763523
2306 1318315457
2307 1655488982
2308 1593144947
2309 855737324
2310 883282048
2311 590418485
2312 431142797
2313 1495200870
2314 1927925624
2315 540296310
2316 260603852
2317 1465422392
2318 1571653619
2319 1069487641
2320 1701450929
2321 1305909762
2322 450924886
2323 1073550237
2324 976012076
2325 2087478525
2326 969647020
2327 1284201666
2328 1825981214
2329 81468573
2330 2057615582
2331 51323209
2332 1102599899
2333 165348646
2334 699374534
2335 47267053
2336 96369502
2337 1296254016
2338 326059716
2339 90325273
2340 2085849671
2341 1142483603
2342 847391406
2343 713574845
2344 1496717053
2345 1858119633
2346 250289779
2347 1974968288
2348 929065382
2349 1992441740
2350 158561421
2351 1624741352
2352 1551236330
2353 1232923934
2354 1618392300
2355 1122435973
2356 683795631
2357 279533502
2358 1845879887
2359 1029947573
2360 1063879090
2361 786458806
2362 152122199
2363 1374841031
2364 442353301
2365 649844348
2366 541467598
2367 1751094795
2368 89970755
2369 1138405274
2370 612109629
2371 407400046
2372 363379303
2373 882112705
2374 1061416675
2375 1585297739
2376 1355840320
2377 1534644375
2378 2086322171
2379 162084067
2380 718634358
2381 1188842546
2382 962461116
2383 520278954
2384 926979132
2385 1688308354
2386 2119737289
2387 691507653
2388 624162343
2389 1242791534
2390 473120759
2391 169937076
2392 1121420526
2393 1094788350
2394 343420264
2395 845069678
2396 808274047
2397 1781728971
2398 1535293009
2399 1998421546
2400 1655956013
2401 1057463281
2402 159849003
2403 312871708
2404 1794009109
2405 850797217
2406 819799062
2407 487717376
2408 1602035830
2409 1834016373
2410 1598813572
2411 1373126206
2412 1176235157
2413 215365782
2414 371865276
2415 1458880345
2416 323236951
2417 1976961016
2418 1532434519
2419 476438158
2420 259188440
2421 1540191004
2422 796194325
2423 1192002130
2424 1305753906
2425 2028475796
2426 1095381858
2427 535051445
2428 1086230874
2429 107617383
2430 1602805082
2431 1861317789
2432 1466748374
2433 1594626888
2434 721384079
2435 108169200
2436 1321704335
2437 1565539837
2438 1258556304
2439 144958821
2440 372405733
2441 301311924
2442 220644569
2443 1630920578
2444 1943942587
2445 462231332
2446 245072773
2447 1156287071
2448 1160593939
2449 285588967
2450 77970882
2451 874298703
2452 1700811921
2453 1928498458
2454 2121353711
2455 1146773031
2456 75329830
2457 1078260342
2458 28573193
2459 1165967013
2460 1617084937
2461 1067349462
2462 1063549527
2463 752244389
2464 1148432292
2465 760735292
2466 1582575223
2467 51443178
2468 236243138
2469 652174148
2470 1554380919
2471 334288429
2472 599898167
2473 101423655
2474 45859034
2475 227184594
2476 1353114712
2477 1419547275
2478 491509615
2479 774864373
2480 1140507599
2481 1719894666
2482 1081418033
2483 1559588587
2484 1915293228
2485 1533888796
2486 1470912408
2487 359952438
2488 930271779
2489 1158365500
2490 627006738
2491 309508268
2492 216884169
2493 1008857884
2494 674049792
2495 1531364867
2496 349030170
2497 956855388
2498 1251069641
2499 181437371
2500 1680882725
2501 583888109
2502 1385503672
2503 1515988681
2504 318691753
2505 1940195070
2506 1833784350
2507 74355074
2508 60077292
2509 1390253656
2510 554897569
2511 1283955072
2512 1467244070
2513 595414356
2514 1864938414
2515 85357447
2516 1593252725
2517 1081110559
2518 465128481
2519 844195337
2520 688841431
2521 182983755
2522 1108290754
2523 825911509
2524 1791434569
2525 705024954
2526 188636345
2527 1390359667
2528 1323171085
2529 129865420
2530 1172266079
2531 1868051877
2532 857647837
2533 1610647249
2534 1463596879
2535 317332031
2536 1018599462
2537 1249203842
2538 598536171
2539 161292640
2540 1071278812
2541 1426680768
2542 1248180411
2543 1492735812
2544 1628341133
2545 299166929
2546 2109557368
2547 1295287092
2548 1962477286
2549 1100025429
2550 136129630
2551 1301911204
2552 1191343231
2553 866377318
2554 1790676955
2555 93081376
2556 35766169
2557 1604044152
2558 1927268761
2559 511698770
2560 1680960196
2561 1116875844
2562 691671385
2563 556702884
2564 1499088503
2565 1291391224
2566 2016703109
2567 1551944827
2568 50055145
2569 471112746
2570 1576148692
2571 591744127
2572 1797178460
2573 665379505
2574 1613486277
2575 1560468898
2576 62659575
2577 1809055774
2578 547018337
2579 1644123152
2580 2100583189
2581 1065410497
2582 633055609
2583 1556682085
2584 919246235
2585 1233781551
2586 266771337
2587 722868980
2588 375894180
2589 2008310245
2590 1060015952
2591 876177323
2592 288995767
2593 1235968838
2594 85139653
2595 664526536
2596 116487759
2597 756249066
2598 944935965
2599 935743727
2600 1893693226
2601 95249317
2602 438058431
2603 1434657562
2604 609423074
2605 1080842259
2606 1132346087
2607 488175915
2608 1176014838
2609 364187158
2610 103182235
2611 1648038208
2612 775863884
2613 1346258009
2614 336136040
2615 606635931
2616 1647706051
2617 470310699
2618 786123030
2619 1307583736
2620 103287816
2621 1355546070
2622 1477780984
2623 557167618
2624 1847272937
2625 900169004
2626 921385833
2627 742112275
2628 1145512101
2629 819168161
2630 481068653
2631 740029014
2632 1220538153
2633 1160760324
2634 1807587361
2635 1821670077
2636 1626803926
2637 1386869077
2638 912424787
2639 578607165
2640 1658235090
2641 999535273
2642 1164220950
2643 829375178
2644 1729606873
2645 573206699
2646 794741980
2647 201270914
2648 516648735
2649 1026712272
2650 1449070950
2651 785205889
2652 358232808
2653 1783874971
2654 323989495
2655 660667100
2656 1940816851
2657 1474870780
2658 1652738105
2659 1490539937
2660 1071351143
2661 1248312218
2662 1391687542
2663 401648363
2664 350904709
2665 1077239184
2666 231116994
2667 1325113626
2668 985140254
2669 1408325222
2670 913645289
2671 741256627
2672 96406591
2673 1966021824
2674 339226369
2675 714715986
2676 676515486
2677 1845827312
2678 1967390218
2679 2063068742
2680 590070450
2681 324322974
2682 317938748
2683 832159208
2684 129564734
2685 1913731554
2686 2125110627
2687 1848010175
2688 936077566
2689 771041305
2690 483181948
2691 1033255383
2692 381977624
2693 108769088
2694 507707056
2695 1098555103
2696 1550763177
2697 509905626
2698 1715451291
2699 421145326
2700 293946438
2701 127873539
2702 232507909
2703 679249588
2704 1989752745
2705 1481099070
2706 1617045060
2707 842260422
2708 1875347426
2709 1648850985
2710 1317733894
2711 2090541701
2712 1781942381
2713 1948986469
2714 626200653
2715 1642688872
2716 638306203
2717 837544115
2718 559593820
2719 174254684
2720 958414094
2721 656685019
2722 1787403592
2723 1834139714
2724 2031100598
2725 1512882202
2726 272729002
2727 1269684476
2728 573635662
2729 1247694478
2730 2079825149
2731 964198889
2732 790144883
2733 1955136134
2734 286729957
2735 696682494
2736 537097211
2737 797509237
2738 1158433536
2739 720966319
2740 223843592
2741 2051951026
2742 974119918
2743 344940348
2744 1411059813
2745 517920967
2746 295455820
2747 1535466713
2748 1730176410
2749 1694669639
2750 2113772579
2751 1140702309
2752 1197368041
2753 382738395
2754 69569578
2755 1961339721
2756 133000388
2757 2038179342
2758 586191931
2759 1024526351
2760 2079748149
2761 2147469598
2762 1754282328
2763 486842631
2764 1410626491
2765 995509737
2766 2094135820
2767 1066380641
2768 420633830
2769 1933680845
2770 1075483767
2771 327888953
2772 367318449
2773 1013577029
2774 84392125
2775 1341751564
2776 1541731059
2777 650050289
2778 580218762
2779 481463302
2780 1352141695
2781 1451989450
2782 964206824
2783 1890073631
2784 1885137128
2785 383626667
2786 338556792
2787 1990460327
2788 1760529930
2789 2005144914
2790 1613265761
2791 2039550345
2792 610095483
2793 272099082
2794 1340803980
2795 354305054
2796 1948890898
2797 2138831222
2798 1687752942
2799 37414121
2800 316756530
2801 806111978
2802 1448319853
2803 1179665593
2804 1365371247
2805 1463791845
2806 327106613
2807 1585075251
2808 1586585007
2809 1832098101
2810 1030947882
2811 343836454
2812 786039365
2813 397984168
2814 1415558200
2815 1450234940
2816 1614408747
2817 147457951
2818 1611430776
2819 1629467841
2820 1483087451
2821 1370866438
2822 2073406887
2823 964199266
2824 1568464804
2825 768842444
2826 1867525301
2827 964562832
2828 1194198299
2829 1129936466
2830 656169728
2831 1129856793
2832 623323421
2833 1981419781
2834 1726231486
2835 988741296
2836 1779051694
2837 1807346085
2838 1846572084
2839 1980226839
2840 1405318565
2841 2057453808
2842 1155056981
2843 989264353
2844 1525854575
2845 96847313
2846 1316932314
2847 751125946
2848 430345740
2849 491944965
2850 658454166
2851 900528128
2852 636984935
2853 531055808
2854 2122651269
2855 1338488758
2856 668901503
2857 1731346568
2858 1829219889
2859 1301542007
2860 1840912048
2861 1531157803
2862 409910189
2863 1577816209
2864 40920974
2865 1795797721
2866 1179926745
2867 697619171
2868 810874004
2869 1472858704
2870 446895422
2871 67677055
2872 1678689096
2873 179899746
2874 2061059382
2875 1928238830
2876 1078120870
2877 980475193
2878 1290550455
2879 1699512945
2880 1561098926
2881 546460074
2882 1260467693
2883 1961469605
2884 1191917866
2885 1924238193
2886 648091933
2887 1886500209
2888 207080019
2889 1152031956
2890 1994179207
2891 2142145495
2892 1490336306
2893 1935703433
2894 1980205065
2895 1525934358
2896 1430725449
2897 331603384
2898 1558164305
2899 191619804
2900 1011449092
2901 2022267316
2902 1815652807
2903 1631038355
2904 1144318596
2905 1118472594
2906 2034132093
2907 610278539
2908 579249694
2909 484419446
2910 1601713649
2911 490989797
2912 725386889
2913 1318071489
2914 1917135833
2915 2013236081
2916 1056420617
2917 383494174
2918 288874072
2919 1271797774
2920 513053356
2921 643102019
2922 936174968
2923 1937656666
2924 1393068639
2925 1946253422
2926 1825283966
2927 1770029553
2928 1603962550
2929 445403595
2930 1316527900
2931 126072637
2932 1769228699
2933 765790126
2934 1341872890
2935 1778188043
2936 1680306473
2937 1445836382
2938 2142091166
2939 1924786549
2940 415649981
2941 1805386110
2942 1887973290
2943 489310791
2944 1671568762
2945 726059976
2946 1982511261
2947 601311956
2948 1272961795
2949 268353407
2950 1013372477
2951 1869800684
2952 765466814
2953 864350078
2954 1537540673
2955 1744460217
2956 1421769149
2957 902735835
2958 294752304
2959 926494641
2960 1402623894
2961 1986713527
2962 762106563
2963 942308186
2964 1105984204
2965 206765568
2966 1445355776
2967 1667182107
2968 1170514262
2969 1220470279
2970 51362967
2971 800490317
2972 251009226
2973 373111015
2974 1551490601
2975 187605361
2976 1578140496
2977 1996111260
2978 1530944475
2979 485219439
2980 87608399
2981 267661092
2982 1685314431
2983 1311492278
2984 993694150
2985 1797206950
2986 1671425622
2987 345901474
2988 191892825
2989 1822603053
2990 1777723396
2991 1889634984
2992 473546726
2993 2145318751
2994 2102993248
2995 945405693
2996 419454757
2997 1805482255
2998 1634671558
2999 267847933
3000 547771843
