1 9
2 33
3 152
4 772
5 4134
6 22894
7 129662
8 745587
9 4330612
10 25307152
11 148353217
12 870662365
13 814729139
14 2052306107
15 1690826934
16 1992491128
17 1074200362
18 1527290955
19 1823110083
20 1564428528
21 1743778865
22 1489873642
23 898601464
24 1159226711
25 505302078
26 996761592
27 106936528
28 1083625921
29 911543047
30 360938562
31 318593248
32 1067270690
33 1204478764
34 164385695
35 883423965
36 571200554
37 722823351
38 1448920854
39 453247778
40 326491753
41 452888325
42 264387609
43 888031356
44 142553131
45 217718803
46 1430872102
47 1672888178
48 592405660
49 1932937396
50 1145858722
51 962149235
52 1818841298
53 748026749
54 147122588
55 2081509306
56 55656647
57 1677830620
58 1008973426
59 637776577
60 119925
61 1679906050
62 1415167597
63 1072163831
64 807802701
65 923872341
66 1160792675
67 1253832033
68 1717446230
69 1692757552
70 1275122526
71 2100407632
72 1215777396
73 24151726
74 77395598
75 1624041682
76 1177570008
77 146181322
78 248465366
79 418660445
80 1914652010
81 1747674919
82 1514846266
83 450219714
84 954610791
85 1236934095
86 1662960009
87 1814669811
88 403102071
89 294394777
90 99706770
91 1350027223
92 484218533
93 1297473515
94 1069632560
95 110778051
96 1894919114
97 622310097
98 1176237953
99 1373171492
100 300840661
101 514686278
102 609123700
103 652346434
104 1646856331
105 670093955
106 746064639
107 1192835080
108 961655347
109 190628640
110 53847865
111 2072420951
112 1547917064
113 116651241
114 614992902
115 1304189835
116 914564896
117 156898032
118 468664318
119 1879859092
120 1995924913
121 1583539652
122 138626338
123 1694128880
124 1718272990
125 1875892233
126 1591620306
127 628848339
128 382992838
129 1722411769
130 382990277
131 1359222012
132 1796704258
133 540276457
134 1734799081
135 55472568
136 796955012
137 2050939724
138 1496330234
139 812418052
140 567844665
141 465556405
142 1161447356
143 182978870
144 308808227
145 2005905602
146 1921402590
147 157352650
148 1752671551
149 125925983
150 73380897
151 55296529
152 1967607017
153 1044871633
154 192262629
155 1737136837
156 2136804453
157 1332030294
158 1195607636
159 1899186121
160 134842436
161 30030202
162 1497911877
163 1677692301
164 281167684
165 1561979814
166 1641753614
167 1801982760
168 1171042479
169 1051814632
170 1492862039
171 55705304
172 576450997
173 183320293
174 919874013
175 2007884096
176 43132356
177 2144355457
178 1025184080
179 1023875929
180 1600897781
181 1668089795
182 1841504952
183 170598465
184 1399145107
185 532378976
186 1279868364
187 367949803
188 1563384145
189 1031029894
190 457128085
191 1588856778
192 1181637469
193 21890448
194 1580323301
195 1048216515
196 1759349651
197 1365846199
198 1902205664
199 1667666303
200 1277652789
201 1935598565
202 2046598071
203 395675154
204 55756158
205 1195958519
206 2055352271
207 1597015557
208 1101402095
209 3625598
210 831831023
211 1059583103
212 2041147214
213 1224567503
214 1591219424
215 1304022273
216 802977007
217 555710041
218 1569223189
219 1752062337
220 892390329
221 1104026889
222 1741892173
223 2049864825
224 1710066843
225 147923081
226 462699455
227 2077549953
228 301884616
229 681904451
230 1931889039
231 195306990
232 650983255
233 1252116325
234 580400964
235 1859584630
236 1867969060
237 986720232
238 1911154001
239 901458405
240 627736507
241 1399775630
242 493731471
243 1381649575
244 1989731860
245 1927573966
246 729933618
247 1631440317
248 1124683248
249 1318542237
250 197259154
251 1337771500
252 1089019700
253 1912032904
254 464073809
255 1456962813
256 1703821993
257 2142531190
258 1891959510
259 1240420917
260 1846951469
261 1666654965
262 1807401480
263 151616276
264 478777585
265 384426520
266 245032429
267 729649190
268 1519346078
269 533697201
270 1454573793
271 30996565
272 1109866953
273 171447856
274 1042742331
275 322066102
276 1731384429
277 2058642701
278 2105465208
279 987824339
280 257516837
281 155244343
282 1505084234
283 1224570605
284 1735388341
285 1946119445
286 1051688179
287 1635041990
288 1670326686
289 987910268
290 1194551766
291 1483025030
292 865841063
293 1991860122
294 1657277408
295 1739013150
296 96273946
297 1131141349
298 70654781
299 1993398218
300 2062745537
301 259736880
302 1671789915
303 1089820030
304 419391183
305 783758475
306 463062057
307 1751913917
308 728144016
309 117326641
310 1602007522
311 1705392636
312 1007883343
313 690000571
314 1365993164
315 106426607
316 442206601
317 553886331
318 1901074999
319 52071733
320 1553069606
321 427286825
322 738850757
323 249187886
324 788839524
325 98427738
326 7684160
327 1128049402
328 486344694
329 824792767
330 1466627243
331 957804462
332 19763913
333 215908059
334 66674221
335 1661129396
336 410440373
337 782533075
338 1739996083
339 1212598233
340 434016985
341 484027309
342 43635906
343 947165878
344 496721399
345 1780887501
346 1021566874
347 129020440
348 208485326
349 607935850
350 1048059339
351 1066044478
352 1404019435
353 933191084
354 1948809109
355 1347540443
356 1914264858
357 1641636183
358 277633270
359 1413186824
360 556234338
361 1389027759
362 725787315
363 1910913325
364 540652479
365 1000974411
366 1854140539
367 69470952
368 1062075363
369 867161050
370 1970234919
371 1457090689
372 1793571946
373 1765853833
374 233973559
375 572280123
376 1597445600
377 1243375132
378 1816511830
379 1722916816
380 2040523044
381 759380720
382 1092689994
383 673577803
384 930249025
385 1047251985
386 1426673173
387 402288698
388 1008303248
389 1016079530
390 413627690
391 1760985338
392 701437463
393 453774766
394 1526159688
395 560016978
396 1590184540
397 895106623
398 1206522652
399 1672052010
400 25720748
401 1564655946
402 1915252386
403 2023995201
404 446544909
405 1392577325
406 348273977
407 937981404
408 1160672381
409 572138573
410 814314774
411 972404092
412 1140492250
413 1876975333
414 637960132
415 666639270
416 300133051
417 601762272
418 734106568
419 1276316179
420 1563562381
421 802716138
422 137069421
423 1295426417
424 278408018
425 491391185
426 284406709
427 473504496
428 1956804245
429 522572687
430 373304363
431 813998543
432 1609181222
433 1087749286
434 1061842091
435 207429283
436 534353555
437 1855110304
438 977145605
439 1115912783
440 875643301
441 1979699820
442 768691605
443 2132015327
444 1208853520
445 2071889184
446 1180183539
447 415082586
448 574154124
449 2262196
450 379313109
451 55702719
452 1151379723
453 1506415534
454 2025054330
455 1213243045
456 175994953
457 1942539760
458 749722053
459 1095684976
460 1170877604
461 1081979108
462 116264190
463 1398542982
464 73385471
465 1871888390
466 454582554
467 1257862542
468 206870320
469 175251195
470 634761291
471 1891443998
472 458946636
473 161019606
474 429039463
475 898940343
476 1453038799
477 1521666864
478 435765922
479 1697551535
480 552874064
481 683956131
482 948756040
483 1524395830
484 1383437684
485 1406316481
486 876018040
487 1958337826
488 1404931984
489 273857495
490 313018532
491 1724893661
492 1904513764
493 1977195640
494 1388020908
495 1229453023
496 1729502496
497 122717915
498 541688623
499 2018538931
500 1751352308
501 190519296
502 1126302703
503 384697445
504 406871976
505 1726016351
506 1034505066
507 1858568406
508 1277140565
509 642274913
510 515455594
511 664233852
512 1965939709
513 1240009152
514 837490033
515 1287607499
516 1996563331
517 1235595319
518 643290386
519 1472867766
520 1700525841
521 871442340
522 549155102
523 2073237039
524 1671340165
525 923512692
526 1505598123
527 1913584394
528 784399840
529 398597565
530 1702249040
531 1988525772
532 1765213479
533 1432435552
534 225509435
535 289211626
536 1880446437
537 1189447699
538 1298657123
539 227666808
540 1543464107
541 1921353261
542 1162362563
543 930400956
544 895778669
545 805874471
546 929419652
547 2041656285
548 598576059
549 885978425
550 1247030822
551 1163539285
552 572851043
553 1867465918
554 1814354974
555 1124567726
556 1838964155
557 447233630
558 431964721
559 498692528
560 44927050
561 555482065
562 1361084840
563 1714577853
564 1007856198
565 1018118594
566 1047702227
567 460664433
568 1938892166
569 1476542788
570 1357805078
571 477362315
572 1870005208
573 266423095
574 1255663616
575 1473025986
576 503068566
577 141283526
578 645217009
579 2060286793
580 233319425
581 862485899
582 1527212522
583 134028891
584 1391477310
585 991993573
586 77098021
587 559557849
588 286259874
589 1270196484
590 989108552
591 720676211
592 445145048
593 1825324611
594 713189610
595 664519712
596 1403040794
597 317955460
598 701426401
599 1221362722
600 100781839
601 1607838694
602 1916128715
603 1232980820
604 1415585025
605 36868677
606 60858734
607 293509411
608 1883033234
609 1833847989
610 1232266237
611 1038076637
612 48759174
613 1332689180
614 1148272494
615 368321559
616 1558818555
617 357662159
618 970974736
619 1348593805
620 1056330051
621 1340739917
622 810577058
623 514305524
624 136987151
625 1630175955
626 541853441
627 1151678764
628 1767981958
629 1526308522
630 1115266820
631 1296057669
632 1423533169
633 1216955176
634 123340806
635 803407684
636 913737376
637 2117219791
638 141793455
639 624371923
640 1729748731
641 88595382
642 1229806763
643 896313724
644 1654100930
645 318334945
646 966680123
647 538153765
648 1734556147
649 2077741770
650 1247791447
651 1200625421
652 342307449
653 342304186
654 1150738348
655 2095634718
656 1041864867
657 1415177754
658 1521887961
659 955660130
660 2134882428
661 541625206
662 1513440849
663 1286187570
664 960428397
665 1337547327
666 275578861
667 426196876
668 780175755
669 1194163932
670 722164108
671 1090116579
672 1166612403
673 1724282681
674 96703844
675 1963973663
676 1194000928
677 1750143283
678 1290514729
679 697618393
680 1312923675
681 420700167
682 200073794
683 1843305735
684 1392627137
685 146420877
686 706046147
687 2099847122
688 1847390987
689 661489984
690 1851509483
691 1848691917
692 858837929
693 1027328098
694 1613495239
695 2115812421
696 652751936
697 1927704351
698 1909169810
699 1560027342
700 1502117506
701 885375287
702 626253948
703 1881889357
704 2086789498
705 372493240
706 1646105437
707 1725751667
708 385058050
709 535701345
710 552278143
711 2018872866
712 1673865387
713 1620283862
714 20935117
715 1524150187
716 534827709
717 1793649261
718 914585347
719 1209605665
720 145959070
721 1914747153
722 1475004383
723 1223320699
724 417068560
725 1206473061
726 1671955752
727 1405880806
728 512419342
729 193133778
730 1632677590
731 1686048467
732 1389291585
733 612210927
734 806795834
735 948997547
736 1714769697
737 1335768818
738 1496709298
739 1202531445
740 581546710
741 768252406
742 494137230
743 1586822831
744 784605938
745 1751465045
746 1103834172
747 627389719
748 2074246409
749 279552883
750 313305405
751 2010945618
752 1168274863
753 288046384
754 1990879468
755 2064368326
756 331418407
757 322727213
758 1585261270
759 1150877937
760 1863772305
761 1452156230
762 1498390261
763 720584924
764 1899321209
765 1743014360
766 2129055202
767 2047898998
768 977472127
769 610281967
770 228701154
771 797150707
772 692605382
773 1689643652
774 458615215
775 2048535603
776 1434067161
777 2047664628
778 1727997506
779 522024935
780 19555367
781 164146509
782 334576971
783 1696990190
784 529181608
785 1350637892
786 2110153907
787 1548923140
788 1999571535
789 97935018
790 1835626990
791 1124327897
792 1256203967
793 1407117547
794 1855998842
795 1958345260
796 89515680
797 672944651
798 638197402
799 731828771
800 1446570849
801 308849351
802 868617881
803 1252119819
804 750418492
805 1790815568
806 1989395472
807 777173342
808 911801145
809 496989112
810 579748923
811 1396711919
812 757142250
813 1968150297
814 699183427
815 185078392
816 270333810
817 224163391
818 1081872922
819 751809737
820 137456369
821 16599279
822 2061416926
823 851240895
824 901428404
825 1029872265
826 1219311810
827 493222427
828 2095558959
829 2125742470
830 1993200054
831 580870723
832 1943258101
833 1731481877
834 468943910
835 1740079129
836 1560619345
837 1049267140
838 1749289381
839 280029743
840 7113155
841 1265707632
842 30034083
843 1407611108
844 275025211
845 193110299
846 581930805
847 1213096960
848 1577985812
849 1641487233
850 289091871
851 1816725931
852 1018378474
853 745504962
854 1871747656
855 535771195
856 846130239
857 1921526134
858 1574616074
859 1314693075
860 1214058586
861 75185705
862 1321148290
863 1065521055
864 1705867486
865 437290086
866 1411353983
867 229354344
868 156673546
869 510386062
870 1879911123
871 395334586
872 195545804
873 654302637
874 1323576403
875 159630472
876 1251263394
877 472683785
878 1216396846
879 1806603839
880 77305989
881 935023954
882 18437295
883 634089839
884 810205370
885 1004275423
886 102463187
887 618133319
888 807356937
889 1452841393
890 1596224711
891 1729534019
892 1644897547
893 1989440667
894 1403370103
895 1226292622
896 1732339314
897 987293920
898 1423794035
899 143973745
900 1848752616
901 809808353
902 989140086
903 842480983
904 1285915788
905 1517493257
906 1145487095
907 1482495966
908 735990814
909 65917323
910 1471251661
911 1475425315
912 1038599144
913 723514782
914 1939849850
915 1746800048
916 984072043
917 1504667121
918 624224298
919 1330647756
920 1450640630
921 384527508
922 1203230274
923 1174565345
924 1474298540
925 1534358115
926 2075308387
927 1470319669
928 1322459582
929 1919689514
930 1044101269
931 1613313552
932 1607954373
933 2110195503
934 1971306280
935 1974489302
936 869403814
937 54222728
938 825449940
939 1562497643
940 387005144
941 1011088604
942 1567568287
943 1622065733
944 1461016926
945 1331976618
946 697901361
947 182602417
948 944751471
949 62542954
950 621434953
951 1927880999
952 1617826891
953 2128329477
954 192477124
955 1530215888
956 2009400245
957 1522135133
958 1535989225
959 1188085583
960 426300858
961 1539535157
962 687931333
963 251760783
964 93319741
965 954888785
966 545677334
967 1400944672
968 1043093871
969 1645822681
970 2146884882
971 1172110509
972 768678908
973 127069056
974 1116118398
975 1755170415
976 734462091
977 1692941634
978 688817737
979 502496481
980 999821490
981 692492770
982 1993358082
983 293879174
984 1866191652
985 1109961758
986 48733397
987 187702433
988 1270903562
989 425854764
990 749439493
991 1584316177
992 541693006
993 1286128047
994 588578235
995 999434672
996 1287878799
997 150369164
998 982967562
999 1751983631
1000 107104217
1001 2077383419
1002 663943138
1003 1817145797
1004 1376908197
1005 1404644498
1006 1670227761
1007 382941728
1008 591579736
1009 24120980
1010 908467181
1011 379211349
1012 1424784346
1013 299637760
1014 1490831678
1015 773051342
1016 1936212817
1017 1183894524
1018 577940461
1019 1732457467
1020 1398223855
1021 149250038
1022 1410464110
1023 1562705197
1024 172673206
1025 2124452977
1026 629805991
1027 629892715
1028 1218537084
1029 1343992756
1030 1757599975
1031 1324076540
1032 1198774409
1033 1447486094
1034 1868964484
1035 1063359840
1036 1827128811
1037 639339354
1038 184782524
1039 2097720259
1040 1805727136
1041 1965429426
1042 1550603059
1043 875539855
1044 2055026693
1045 719170000
1046 532976881
1047 1223874971
1048 2005103137
1049 1517448623
1050 679023141
1051 1657758057
1052 806552432
1053 737825119
1054 1552250899
1055 37299791
1056 514389121
1057 1110826962
1058 1172344470
1059 2093324720
1060 1347092587
1061 1690664248
1062 2068903289
1063 1938925608
1064 1062350783
1065 2018256349
1066 2135451373
1067 1382624378
1068 1556053555
1069 2059010838
1070 757057251
1071 1724022905
1072 1183046828
1073 454451995
1074 490212030
1075 1296172770
1076 1592753483
1077 1910002555
1078 469974902
1079 991861564
1080 1550799181
1081 1782290561
1082 1679910012
1083 1860864815
1084 1819698143
1085 710120680
1086 1047214248
1087 813600365
1088 1332503635
1089 2010683749
1090 103343833
1091 1450245954
1092 1289252277
1093 270319803
1094 754918702
1095 1092576240
1096 1642387567
1097 958066586
1098 720128495
1099 1250464239
1100 1982207870
1101 207822913
1102 743148745
1103 215092754
1104 1145741594
1105 1927097627
1106 1902678626
1107 139417258
1108 808284134
1109 1611166343
1110 1512679897
1111 1748626380
1112 1055425082
1113 1886834845
1114 589678451
1115 114740121
1116 1087571024
1117 1932872095
1118 850563108
1119 289284136
1120 765088162
1121 1188072322
1122 752887667
1123 60135843
1124 966421511
1125 1568985526
1126 1372896279
1127 1195785925
1128 883382323
1129 2102173186
1130 1540032574
1131 1593981080
1132 820316639
1133 1168445605
1134 1756667842
1135 1721751971
1136 1483583161
1137 118131755
1138 1025636950
1139 1622756090
1140 1373970853
1141 1326700644
1142 994208546
1143 375726322
1144 351386459
1145 1692379079
1146 1940685393
1147 1866864683
1148 1946595034
1149 1069140175
1150 685687237
1151 828850795
1152 11769894
1153 2075447524
1154 472954422
1155 1446893503
1156 1159903862
1157 711187184
1158 1878316927
1159 2118870201
1160 1664406793
1161 891712679
1162 78730775
1163 1231316130
1164 1117011314
1165 986520674
1166 1279338531
1167 1119554373
1168 2087585080
1169 878530535
1170 2079978017
1171 669860194
1172 1969609805
1173 1507274213
1174 1537875297
1175 753559701
1176 84826520
1177 606894791
1178 1587739362
1179 1271642595
1180 1231527187
1181 505581884
1182 915657129
1183 478185063
1184 574110322
1185 115869089
1186 582266152
1187 2004893273
1188 419530218
1189 542674390
1190 348414085
1191 1872544476
1192 798110783
1193 540659938
1194 50450927
1195 1101114511
1196 1229631543
1197 2070209568
1198 383766595
1199 2108794243
1200 1090534343
1201 1298007888
1202 733006873
1203 297910643
1204 239628217
1205 587131652
1206 2011601335
1207 1115787379
1208 1055169881
1209 1367788563
1210 2090468801
1211 1655201561
1212 951355816
1213 9077076
1214 1407421064
1215 1995523013
1216 63668960
1217 1041307175
1218 779688467
1219 1487155747
1220 1418300993
1221 209639344
1222 1413472225
1223 859482366
1224 190329761
1225 1352953805
1226 680531412
1227 499823356
1228 1677107436
1229 1837088864
1230 226350373
1231 1062735912
1232 1657497103
1233 1563678721
1234 71936650
1235 1881756857
1236 1262595459
1237 1587850822
1238 18774011
1239 805775391
1240 2026345063
1241 1586429017
1242 743477175
1243 658263245
1244 2147443339
1245 63622819
1246 2079903994
1247 1739947632
1248 1419135338
1249 1492509683
1250 1706987976
1251 482958434
1252 393993404
1253 516560927
1254 1360538449
1255 1772159977
1256 1146854552
1257 1926765113
1258 697334607
1259 145181917
1260 296000599
1261 555264703
1262 594359950
1263 1744858198
1264 874306616
1265 710985657
1266 58870608
1267 104097294
1268 181632653
1269 1905353726
1270 2031469540
1271 2067637884
1272 574486841
1273 779752027
1274 68806173
1275 85075280
1276 1535410208
1277 823573683
1278 817910305
1279 766006542
1280 1273253139
1281 1106525207
1282 2104768631
1283 487111987
1284 426797126
1285 1464089933
1286 1132387013
1287 1356719316
1288 1832271373
1289 1864010788
1290 313695989
1291 532370172
1292 693925534
1293 1415034374
1294 159221919
1295 219340090
1296 1546326547
1297 218703777
1298 192672474
1299 2058689113
1300 1508282516
1301 1632000270
1302 432803685
1303 1962372066
1304 1441225167
1305 120673222
1306 1195054307
1307 1975101120
1308 2135057590
1309 567250729
1310 1509277501
1311 135075930
1312 1922089067
1313 1600390679
1314 1586801552
1315 724125649
1316 2095757730
1317 88482731
1318 1439262915
1319 146534791
1320 280991998
1321 809647728
1322 661021197
1323 1504396432
1324 600984723
1325 498087776
1326 1314458434
1327 1377233987
1328 1422458815
1329 1706156837
1330 1259671707
1331 270642722
1332 79636390
1333 1177103642
1334 383924811
1335 1481721856
1336 1888942713
1337 401313057
1338 1944948180
1339 2075648166
1340 1309403430
1341 1111770148
1342 183184324
1343 272370072
1344 771041479
1345 1822628898
1346 476824493
1347 799853594
1348 1733873006
1349 278120191
1350 1712888950
1351 1924449887
1352 1715959960
1353 1268996303
1354 378290618
1355 1493389055
1356 1041959460
1357 1892954645
1358 618735609
1359 1172625389
1360 2094116488
1361 1002477358
1362 2124463244
1363 1182461056
1364 1060635458
1365 465887226
1366 44161324
1367 260617334
1368 1884388631
1369 2049643193
1370 1440397651
1371 1260605092
1372 730888464
1373 1717922436
1374 1530974643
1375 1985964081
1376 338909966
1377 1328477162
1378 2061506030
1379 191815737
1380 1584122468
1381 1458971109
1382 749646955
1383 1768109397
1384 510491437
1385 1949823534
1386 1559736859
1387 1318458398
1388 1181592197
1389 1011317955
1390 612799060
1391 1012793743
1392 1791945862
1393 1438058855
1394 987967444
1395 964101233
1396 1074317067
1397 1451975879
1398 2033396214
1399 215585889
1400 2091907949
1401 274987079
1402 1048327646
1403 1964682998
1404 80617396
1405 334246217
1406 709951369
1407 120953153
1408 2016245374
1409 42716597
1410 1618881210
1411 211447047
1412 1063996370
1413 1514324112
1414 572589758
1415 1358603929
1416 753345438
1417 148342875
1418 1854557829
1419 1268360991
1420 1501637430
1421 1921326714
1422 844832773
1423 356379416
1424 998625664
1425 1975547007
1426 662504829
1427 982748576
1428 592286850
1429 2002942650
1430 1300858699
1431 1030558276
1432 1910192841
1433 2076751129
1434 116567341
1435 410136289
1436 421356823
1437 233847674
1438 948311772
1439 439245018
1440 406211869
1441 824958675
1442 2044952006
1443 138084337
1444 2088466056
1445 1508783786
1446 108940192
1447 16348509
1448 271555471
1449 970217851
1450 375574056
1451 1963753739
1452 188482010
1453 60505228
1454 1241905171
1455 82839229
1456 355716238
1457 663217122
1458 1568955940
1459 1229376014
1460 994725305
1461 1697254980
1462 2081450470
1463 1249338948
1464 679965370
1465 965294351
1466 516836439
1467 996850070
1468 2078534268
1469 1397507293
1470 235715806
1471 1209424798
1472 1325539303
1473 697121873
1474 1308951128
1475 1128174484
1476 606347782
1477 994484579
1478 109357129
1479 1712643450
1480 1206093847
1481 2132628548
1482 570917568
1483 1616309063
1484 1530034655
1485 777618990
1486 782282148
1487 1077100522
1488 1966944879
1489 282529458
1490 1775103865
1491 1263693985
1492 1206604197
1493 2104212331
1494 1378349337
1495 1393585832
1496 1331252604
1497 203317046
1498 1215031058
1499 316701827
1500 276804661
1501 1100930844
1502 1837258112
1503 747662639
1504 454324537
1505 1127811988
1506 225986088
1507 245713421
1508 1262846236
1509 1473805618
1510 1896930826
1511 256603663
1512 709895193
1513 902110569
1514 1507192829
1515 1156731674
1516 456959936
1517 858096509
1518 386519304
1519 1692610308
1520 928902407
1521 1939308202
1522 724335119
1523 734333164
1524 1917153883
1525 1514426744
1526 977280875
1527 1788486111
1528 175924362
1529 1144006980
1530 626033251
1531 341339558
1532 1971559445
1533 874810661
1534 687606506
1535 1229500520
1536 962996080
1537 145525512
1538 885550918
1539 1666429676
1540 1226148107
1541 376275751
1542 2015547930
1543 1771352099
1544 1611480120
1545 1854809089
1546 595635733
1547 21488440
1548 1583456552
1549 2021244474
1550 1985704914
1551 801236278
1552 1250231962
1553 1146849876
1554 1681211697
1555 339255222
1556 2144809215
1557 166262100
1558 1950950001
1559 2119131634
1560 506516943
1561 1486302431
1562 987121904
1563 365333153
1564 1592803132
1565 971635350
1566 634707775
1567 1729627225
1568 1648168118
1569 1833218486
1570 1014611057
1571 777959146
1572 2106219779
1573 1730390923
1574 1435510395
1575 2056440796
1576 326309708
1577 340744978
1578 2135480285
1579 234232720
1580 737649709
1581 941802018
1582 1489533303
1583 650122430
1584 33749552
1585 1348579770
1586 627520844
1587 363936590
1588 884031910
1589 1882689755
1590 1756070478
1591 535326877
1592 1491222620
1593 1833137622
1594 1516611572
1595 1582766326
1596 1581487632
1597 610924653
1598 821907421
1599 707364399
1600 976993893
1601 273866870
1602 655503353
1603 1267008760
1604 1204564235
1605 1738877786
1606 1951850753
1607 1530018463
1608 1839046327
1609 13284052
1610 1853593141
1611 352301290
1612 836744850
1613 1334475470
1614 682520087
1615 1184162375
1616 819304687
1617 1319826797
1618 1743080355
1619 1256827004
1620 1155363216
1621 442662356
1622 1042161027
1623 1738468347
1624 334422900
1625 1828431919
1626 1701145278
1627 1784071576
1628 25888940
1629 2002740062
1630 144327364
1631 782292201
1632 1209707184
1633 906884931
1634 1101140020
1635 155375506
1636 1410672025
1637 1619930120
1638 1606219762
1639 855041015
1640 2137272580
1641 1549952096
1642 383426916
1643 2123438985
1644 785105827
1645 1760820164
1646 17914368
1647 1023570829
1648 2028788452
1649 1814428115
1650 227423597
1651 1026844925
1652 346196214
1653 1498429105
1654 1868430772
1655 1109693401
1656 209410282
1657 1448483337
1658 436945300
1659 1168759035
1660 2109228190
1661 642393528
1662 653317652
1663 1740661566
1664 248263399
1665 591238943
1666 276886733
1667 1726451999
1668 2119678575
1669 305299519
1670 110960667
1671 865437621
1672 1092437532
1673 1555530880
1674 2030899248
1675 1489551389
1676 2030746144
1677 704810590
1678 621208113
1679 1408325361
1680 1118522135
1681 249264428
1682 1842977621
1683 103575036
1684 250279950
1685 1904456458
1686 131153070
1687 2084916894
1688 269878819
1689 2092915079
1690 1938887797
1691 1255876272
1692 1850435374
1693 1071673296
1694 77665685
1695 947696261
1696 2064618398
1697 1439743020
1698 1714741923
1699 20159787
1700 1605455951
1701 1615465420
1702 606920178
1703 135583622
1704 631002775
1705 1646218558
1706 559236460
1707 1894740947
1708 1240911248
1709 1955747164
1710 1310113570
1711 1667870133
1712 600076034
1713 980602808
1714 1136423324
1715 1288432927
1716 970890188
1717 583902682
1718 554811265
1719 1098919631
1720 189993093
1721 589774820
1722 1092440791
1723 1661137425
1724 536491945
1725 574882615
1726 2114613098
1727 175463786
1728 1744669448
1729 1737398102
1730 818205779
1731 547403774
1732 1473273821
1733 35023224
1734 1822133763
1735 2039858607
1736 856574533
1737 597882282
1738 1819267911
1739 1369949335
1740 1037384921
1741 924506192
1742 1651571669
1743 566141086
1744 32505407
1745 1298701078
1746 1692426682
1747 792931068
1748 1249641980
1749 1405760020
1750 1593578085
1751 1697179516
1752 353878992
1753 1917221412
1754 1365619283
1755 1696157103
1756 1232417591
1757 866421716
1758 1172218167
1759 763413124
1760 1441235953
1761 1121193034
1762 181634962
1763 1324536698
1764 629610231
1765 1715306581
1766 343922463
1767 1915824573
1768 790260003
1769 225492161
1770 258165272
1771 637442478
1772 707972189
1773 1665375475
1774 1253105528
1775 2128170171
1776 472722217
1777 1035385400
1778 776817984
1779 1880196731
1780 921242253
1781 1667176308
1782 1239167390
1783 1525873641
1784 1057331153
1785 1193087900
1786 1058022295
1787 1836749010
1788 1096647122
1789 1784621289
1790 1063324252
1791 264445374
1792 1036936262
1793 1174426844
1794 845504772
1795 105388743
1796 246706199
1797 1983866774
1798 609803357
1799 1998805413
1800 320671173
1801 1414429363
1802 1558762680
1803 1999203107
1804 2086990636
1805 921702577
1806 1955619730
1807 904223392
1808 212760834
1809 568384059
1810 1752046997
1811 1316373708
1812 1999828684
1813 2102098324
1814 630051261
1815 1319864194
1816 1351204864
1817 1193312545
1818 1882145769
1819 1456575481
1820 1539863154
1821 1730068692
1822 793661655
1823 2055310022
1824 1708340603
1825 1700788340
1826 991701130
1827 97242562
1828 1664714007
1829 1330184958
1830 1875342384
1831 1786142878
1832 746992962
1833 978014091
1834 1805783668
1835 1926222621
1836 2071080504
1837 1898470036
1838 1162282458
1839 291287272
1840 1202382961
1841 1467000230
1842 419250796
1843 1515686213
1844 1368708644
1845 24285654
1846 556357190
1847 320272153
1848 1171065955
1849 48917370
1850 1816164985
1851 818594143
1852 107553672
1853 1226202289
1854 405375711
1855 1122617789
1856 1261257040
1857 1484910017
1858 746694777
1859 1262840698
1860 680374326
1861 1755559464
1862 2021853923
1863 564269238
1864 217307405
1865 1027912018
1866 814901419
1867 852806801
1868 1499355206
1869 1363926376
1870 2037780697
1871 970631600
1872 644334100
1873 1438525789
1874 1336882792
1875 61488445
1876 1304901168
1877 1798489459
1878 1718751734
1879 2113129815
1880 1640283100
1881 1303041337
1882 762191395
1883 201799727
1884 1847848860
1885 1469231817
1886 660256402
1887 1196341261
1888 1954708811
1889 159278575
1890 350994772
1891 1056764211
1892 1767808980
1893 1248417574
1894 263020159
1895 76208378
1896 1167078055
1897 55451953
1898 2108994075
1899 838742569
1900 275787864
1901 1903210106
1902 1775057424
1903 471898657
1904 1745625850
1905 1568478340
1906 434189179
1907 549642297
1908 1305826637
1909 1201707268
1910 169446010
1911 1443181415
1912 1926966567
1913 970246248
1914 1020217378
1915 995643565
1916 1343399680
1917 149996152
1918 141222076
1919 1983311487
1920 1458414298
1921 437775994
1922 1489026233
1923 1467602806
1924 1476791519
1925 31844613
1926 1792918743
1927 866258748
1928 1732806653
1929 2112992031
1930 1009542398
1931 904468869
1932 6942384
1933 405603989
1934 1997271878
1935 72931526
1936 336680875
1937 207147709
1938 1436826122
1939 318389769
1940 686020972
1941 1726533342
1942 575458811
1943 1358262896
1944 927901828
1945 958525783
1946 905743977
1947 648016299
1948 1712881180
1949 200595544
1950 2057785188
1951 69108388
1952 499312766
1953 1654570976
1954 1412564465
1955 1262880823
1956 1169181416
1957 23193529
1958 1771746977
1959 466597563
1960 1166112211
1961 352936517
1962 1746604629
1963 509218598
1964 210768546
1965 327789939
1966 745693983
1967 562930574
1968 2049868690
1969 927642460
1970 1170761970
1971 283249786
1972 888832381
1973 1319055441
1974 847570802
1975 955518746
1976 2055096557
1977 1873044525
1978 1304184147
1979 2119047621
1980 2037404820
1981 736748030
1982 1420380571
1983 1543640777
1984 596991653
1985 1588748052
1986 1999284908
1987 60924981
1988 484573953
1989 1070273588
1990 680064009
1991 44961828
1992 839403016
1993 108817173
1994 10512753
1995 1832999995
1996 671673966
1997 1490865987
1998 1304698841
1999 25023509
2000 1150011999
2001 28291953
2002 314563090
2003 799489612
2004 815363458
2005 1103565824
2006 788830322
2007 1398730335
2008 1872691333
2009 1137720361
2010 1994151019
2011 105769828
2012 243524534
2013 828616982
2014 1095031985
2015 1080337186
2016 372562765
2017 1190921151
2018 533205829
2019 1030385121
2020 722709110
2021 1716025382
2022 348231559
2023 250281349
2024 551834668
2025 1165005407
2026 2134615557
2027 2108187104
2028 85921674
2029 366297819
2030 2123487909
2031 1613911707
2032 1288598756
2033 1066850139
2034 191056178
2035 1473262824
2036 765093958
2037 301326688
2038 525622592
2039 1794258214
2040 1681805775
2041 574294345
2042 1350494455
2043 514704842
2044 722232907
2045 412282926
2046 2056329347
2047 2029123780
2048 1718474482
2049 1075411317
2050 1177765223
2051 1114239214
2052 1905433262
2053 509328546
2054 429506285
2055 729505089
2056 136089337
2057 1567303737
2058 2018258432
2059 642177697
2060 32008843
2061 300990827
2062 1486721191
2063 503862509
2064 1132635914
2065 80521707
2066 2025559298
2067 2017091360
2068 1673512412
2069 552831946
2070 2071484781
2071 849769878
2072 1857954931
2073 919101892
2074 805349786
2075 1529608596
2076 995490761
2077 1756779975
2078 1800494845
2079 1098495802
2080 376239550
2081 1189149339
2082 545487646
2083 1602514991
2084 1410431899
2085 882180600
2086 1558725945
2087 421883114
2088 1125782216
2089 1542113041
2090 1504390966
2091 512076748
2092 411418349
2093 1867258768
2094 60858424
2095 1415068550
2096 5802558
2097 1396179512
2098 1806027260
2099 1045132970
2100 1443702235
2101 969995475
2102 960217809
2103 1183768418
2104 734023830
2105 1481380837
2106 670073675
2107 1744389402
2108 342380636
2109 856969976
2110 1224902908
2111 1769291926
2112 578180483
2113 990347817
2114 363691270
2115 1698936076
2116 229767973
2117 454486813
2118 669004634
2119 45803863
2120 1487827140
2121 1779812615
2122 846044370
2123 2085034486
2124 588855862
2125 462490056
2126 579067284
2127 233367847
2128 2056068663
2129 1153868474
2130 954327278
2131 677552525
2132 219352739
2133 1745321873
2134 1336652501
2135 1611235589
2136 1181520738
2137 471459292
2138 335994121
2139 2002984149
2140 1399609404
2141 1356651888
2142 1956669655
2143 839599098
2144 1043402823
2145 2108509766
2146 1411500968
2147 1686316177
2148 1779690803
2149 1192931399
2150 295549437
2151 842742048
2152 534944593
2153 356238389
2154 1156900168
2155 933457641
2156 955938436
2157 37120202
2158 1689582002
2159 318830853
2160 877981444
2161 1765816186
2162 1469884538
2163 712897079
2164 1085050745
2165 109033550
2166 1238575614
2167 1878604863
2168 1813360686
2169 1369726588
2170 712570648
2171 726280557
2172 1690830057
2173 1742024193
2174 2075626835
2175 794453241
2176 2124206674
2177 1487643339
2178 1441845931
2179 799981079
2180 2101340013
2181 147571251
2182 394058087
2183 1280281597
2184 1139151469
2185 78132966
2186 1245590233
2187 1392614398
2188 1584100539
2189 817089297
2190 2004495724
2191 1372269316
2192 670149826
2193 1713428594
2194 1196186746
2195 282417458
2196 1925420149
2197 493875955
2198 42079924
2199 2036734847
2200 2036782410
2201 1755802944
2202 479027127
2203 856771981
2204 787032401
2205 253640318
2206 1465692117
2207 158929588
2208 1855520543
2209 346645524
2210 1724092787
2211 132059924
2212 157849431
2213 1663328238
2214 1532773873
2215 1590350131
2216 1232749172
2217 1457049981
2218 378337165
2219 1380451765
2220 2026224183
2221 660459192
2222 1348390521
2223 1168026234
2224 515917082
2225 2045167875
2226 550612287
2227 1744373993
2228 844983652
2229 340441224
2230 1169357465
2231 978750864
2232 461197496
2233 1836500593
2234 2052452658
2235 1475864501
2236 445264412
2237 1206005860
2238 254869702
2239 235229531
2240 355824043
2241 183999502
2242 1064217530
2243 253606778
2244 1296244821
2245 869736113
2246 850931781
2247 1839637680
2248 1177420464
2249 899822919
2250 1605690015
2251 1672135247
2252 1418843727
2253 555198578
2254 236248933
2255 1224926572
2256 1027491802
2257 433770831
2258 2038860838
2259 1506823811
2260 727444192
2261 2118378247
2262 833944397
2263 16390059
2264 1191571446
2265 1609444039
2266 335861795
2267 801286180
2268 657996432
2269 1763416919
2270 1187707601
2271 488979170
2272 2067896146
2273 428932562
2274 2026148076
2275 2017149650
2276 1623050324
2277 1288385598
2278 1366073804
2279 1645345960
2280 1525485709
2281 785248844
2282 891179719
2283 493925368
2284 1237360364
2285 690532610
2286 1560324423
2287 1972207044
2288 1181510343
2289 1430361221
2290 312990439
2291 1256935810
2292 1572372959
2293 2023133564
2294 689852023
2295 318583725
2296 1889844370
2297 239247726
2298 1485114205
2299 1682956049
2300 1829626171
2301 2070318287
2302 1656682062
2303 775128296
2304 2049998533
2305 1721871068
2306 540204890
2307 1150496831
2308 730683836
2309 1360853570
2310 1491953642
2311 764534780
2312 405155305
2313 521986769
2314 1824419313
2315 815276707
2316 1278244625
2317 1641317129
2318 643631857
2319 944931046
2320 1862819647
2321 540202419
2322 1814966935
2323 746005209
2324 1268186681
2325 1496964377
2326 532234664
2327 1885159507
2328 2120689264
2329 1127806159
2330 338910458
2331 162882156
2332 788206039
2333 413083531
2334 843199400
2335 1732089880
2336 1696598623
2337 1803550430
2338 304152828
2339 1205839526
2340 649162204
2341 805175465
2342 2002143970
2343 698371933
2344 1229914382
2345 1051295063
2346 1181867786
2347 135473399
2348 1622484569
2349 1109189409
2350 1373724066
2351 573927884
2352 815089635
2353 1922790602
2354 1412432790
2355 227754463
2356 1563244135
2357 840972194
2358 449697818
2359 1126330756
2360 1447277663
2361 565248395
2362 535241398
2363 1325204269
2364 1272794711
2365 226082626
2366 232806792
2367 1392841908
2368 1528721268
2369 1315367553
2370 1704331417
2371 1461135460
2372 1816575340
2373 2146250185
2374 2122198930
2375 1547884144
2376 1821282541
2377 1207290656
2378 498554522
2379 1574502517
2380 1802129349
2381 657725299
2382 1061395129
2383 674856090
2384 184645785
2385 1968303385
2386 1541648518
2387 141619481
2388 2131170173
2389 1656887798
2390 771859202
2391 1209020423
2392 156611150
2393 504735098
2394 1080691724
2395 1359296978
2396 1688857210
2397 1461987726
2398 1573405325
2399 1423464970
2400 328863765
2401 466813440
2402 2044274438
2403 1720602711
2404 1921995612
2405 183186928
2406 728726131
2407 1056218998
2408 2031973102
2409 1542530690
2410 1740412554
2411 1648809547
2412 1793890971
2413 688213746
2414 119807582
2415 1036851062
2416 221731039
2417 970807829
2418 1131848441
2419 1255421796
2420 286672056
2421 1154554615
2422 1122770801
2423 1549670525
2424 1840742377
2425 701842481
2426 2046470058
2427 1525350473
2428 1494102164
2429 616216249
2430 1670269758
2431 865587261
2432 1670118338
2433 2012034431
2434 278983873
2435 252182397
2436 597590971
2437 909021164
2438 1061403290
2439 1391582401
2440 243556917
2441 898445403
2442 2037882859
2443 275912862
2444 670699263
2445 1956919695
2446 75562212
2447 1039019955
2448 1090279123
2449 1993923953
2450 1268512133
2451 686736804
2452 757221779
2453 1293622328
2454 879975827
2455 199659087
2456 526297801
2457 1702184099
2458 1731943219
2459 335580271
2460 1014211469
2461 265445947
2462 2017133268
2463 936215223
2464 1497288053
2465 2101970490
2466 1487247668
2467 748710686
2468 1552889981
2469 832483623
2470 983604635
2471 1255662768
2472 1431639636
2473 386483713
2474 1578647878
2475 744507215
2476 932596420
2477 1318994545
2478 1295208813
2479 1454241740
2480 1723616732
2481 183465494
2482 620125140
2483 1154809173
2484 2006162110
2485 1512792148
2486 1194736935
2487 1996242055
2488 28263754
2489 1061865674
2490 1790979489
2491 220997300
2492 1128120733
2493 463515802
2494 2089319290
2495 1163897136
2496 1680923284
2497 1505916302
2498 84861681
2499 1694987816
2500 1420764506
2501 1634370548
2502 856144268
2503 653076969
2504 52502577
2505 1542852169
2506 643280355
2507 1580413631
2508 1670607917
2509 1324477646
2510 92472463
2511 65215372
2512 1547420839
2513 448057237
2514 1071785623
2515 1480395555
2516 104514210
2517 1573293706
2518 233449405
2519 866985227
2520 2100337801
2521 636597337
2522 738990151
2523 1654166322
2524 1306493208
2525 312777928
2526 741275946
2527 1747888000
2528 1193474243
2529 237179376
2530 1077572225
2531 295589559
2532 1909102365
2533 982562152
2534 1579103994
2535 1487991926
2536 597725524
2537 1060093102
2538 1419886525
2539 1521870560
2540 1786408952
2541 1750335423
2542 240263068
2543 658988868
2544 358313425
2545 1486529967
2546 1327520728
2547 817509426
2548 51878940
2549 1554324401
2550 122957352
2551 620601246
2552 1308354704
2553 1072868534
2554 774251242
2555 1009441583
2556 342457420
2557 418311005
2558 1587938782
2559 1518179072
2560 260556286
2561 1494571655
2562 1001812447
2563 625947328
2564 515988707
2565 279997950
2566 525592286
2567 733695756
2568 1009966830
2569 1164716873
2570 871873149
2571 2087010575
2572 1359710155
2573 690094648
2574 1233079583
2575 1846554436
2576 1431135388
2577 681663011
2578 744811334
2579 255549963
2580 1119647606
2581 1418575337
2582 111286290
2583 2041575957
2584 1374859153
2585 940828449
2586 172157283
2587 290444149
2588 1716826925
2589 1856213075
2590 2123756829
2591 1503736686
2592 819117835
2593 463557912
2594 1833061218
2595 213523728
2596 1204742468
2597 1500343349
2598 1977661359
2599 990783986
2600 713105867
2601 400678327
2602 1121771222
2603 1432816470
2604 578437428
2605 853169893
2606 1070167161
2607 1783506969
2608 71589466
2609 794177685
2610 1302617602
2611 62893425
2612 2076127029
2613 513471802
2614 1557943938
2615 1537728409
2616 2055059407
2617 1673146770
2618 1934156234
2619 1174829844
2620 1743654234
2621 994036567
2622 127680432
2623 27808177
2624 326061892
2625 1373555531
2626 1820841472
2627 1372963311
2628 322653950
2629 317293263
2630 89546724
2631 387625710
2632 1443911608
2633 1761851174
2634 57161970
2635 1268215943
2636 1282522164
2637 1167665585
2638 161034960
2639 1611764692
2640 206196406
2641 1184401220
2642 613451954
2643 226138296
2644 691308131
2645 1003189279
2646 1798584233
2647 1405012021
2648 1448441392
2649 653411640
2650 2071108085
2651 447662033
2652 1485157994
2653 35273037
2654 452330973
2655 336465465
2656 1326708711
2657 161951460
2658 848177546
2659 1449308382
2660 538182377
2661 832242916
2662 2039661475
2663 644203961
2664 1972362572
2665 467269524
2666 509136652
2667 1415746963
2668 366492609
2669 147767865
2670 2057017017
2671 1327453380
2672 875100737
2673 970583935
2674 362760813
2675 1010248408
2676 460975720
2677 24717119
2678 708768642
2679 375779449
2680 425562632
2681 170505649
2682 948585674
2683 1318558444
2684 1014317202
2685 101391052
2686 1559982429
2687 114708602
2688 107464419
2689 699166035
2690 1227595491
2691 125821124
2692 1138154310
2693 88461403
2694 767760024
2695 1468771629
2696 375464765
2697 34577730
2698 485827791
2699 1156990222
2700 2031893924
2701 93666876
2702 1547591399
2703 1263094372
2704 422080093
2705 1802819098
2706 1884308184
2707 870479154
2708 1445693840
2709 346534537
2710 63700606
2711 1079241144
2712 1341873520
2713 1274646991
2714 1555905274
2715 2135499202
2716 1429622178
2717 306643561
2718 914140165
2719 809451290
2720 335990478
2721 1892090913
2722 362375435
2723 552208519
2724 999935950
2725 971282075
2726 1126026075
2727 1969113606
2728 1503488227
2729 631109664
2730 391075182
2731 487405278
2732 480243232
2733 1671466383
2734 765439450
2735 1510463404
2736 405741926
2737 1262693645
2738 1921542851
2739 1559420599
2740 1325035456
2741 1022959675
2742 639817410
2743 215779949
2744 332157454
2745 638858491
2746 133753636
2747 144242666
2748 824675869
2749 1462470266
2750 1272733821
2751 771142717
2752 160712010
2753 2133180149
2754 1407090779
2755 572750445
2756 594812577
2757 1863474962
2758 429382462
2759 398677139
2760 379016073
2761 903872595
2762 1605402228
2763 608549706
2764 451086851
2765 1187224581
2766 643953644
2767 1611898181
2768 170607883
2769 1011038559
2770 21079385
2771 1063435330
2772 313917997
2773 545606719
2774 305024834
2775 326708099
2776 1451099995
2777 1258919736
2778 1713033332
2779 1288680778
2780 87296962
2781 1172142327
2782 1811159716
2783 686256927
2784 1096435704
2785 1214684978
2786 1398568207
2787 1908458045
2788 2031454028
2789 982040923
2790 34195736
2791 300042002
2792 1152413684
2793 1164302279
2794 1656800237
2795 1685244037
2796 1835760236
2797 490273141
2798 1878008426
2799 921704736
2800 581350750
2801 1300687977
2802 1015649336
2803 1233300986
2804 147572930
2805 1765882281
2806 1209237678
2807 1278577172
2808 992299618
2809 1149278994
2810 507879983
2811 653664875
2812 1727582982
2813 1428476819
2814 497413307
2815 745233009
2816 717044000
2817 784445979
2818 1394999764
2819 1092169429
2820 1542031365
2821 1564875520
2822 261095662
2823 1597985667
2824 1339515221
2825 546086032
2826 189819527
2827 2138611037
2828 586953182
2829 1269143334
2830 2112140012
2831 1771643724
2832 1298665620
2833 410154703
2834 1196034792
2835 145601878
2836 1016580116
2837 857707438
2838 1601653070
2839 354822952
2840 1824202889
2841 2147045046
2842 1174459739
2843 880109146
2844 556593900
2845 20829451
2846 154142084
2847 622947154
2848 1566431540
2849 1108355710
2850 763413112
2851 968051655
2852 773799413
2853 956722144
2854 607594306
2855 871773526
2856 338468050
2857 1970787416
2858 91781375
2859 50122285
2860 1033005294
2861 307918856
2862 1063500942
2863 1016925259
2864 1401221738
2865 1959799851
2866 472730099
2867 1628432414
2868 1060187802
2869 28349756
2870 1749068420
2871 1891490650
2872 531727986
2873 1366415267
2874 2115238338
2875 1806257191
2876 1583076734
2877 2044629113
2878 492454600
2879 766531914
2880 422049945
2881 1532835361
2882 2062423829
2883 1252109731
2884 2032845207
2885 1540872021
2886 1457524745
2887 2000162594
2888 1520206113
2889 1244838082
2890 864512160
2891 1939524163
2892 1700945230
2893 453914868
2894 476123670
2895 1211560487
2896 169177682
2897 748252180
2898 886647578
2899 1993565340
2900 290050158
2901 1811208076
2902 927976084
2903 1407573120
2904 858737198
2905 424564690
2906 166164226
2907 101406423
2908 854388427
2909 714902660
2910 13184381
2911 990749440
2912 1677816412
2913 763487393
2914 481555439
2915 1000414326
2916 2049168984
2917 366510735
2918 1949417689
2919 1384854693
2920 36572109
2921 2127999988
2922 148980219
2923 1868421885
2924 1964719744
2925 1571892217
2926 76419006
2927 647184274
2928 1325454597
2929 1667520745
2930 1869180890
2931 355351265
2932 173190177
2933 736303153
2934 1347605639
2935 126063515
2936 1514859408
2937 58110549
2938 424631481
2939 1102574921
2940 47401869
2941 1270036787
2942 169224208
2943 846277210
2944 2143940686
2945 936246711
2946 1635932028
2947 940478218
2948 1537973073
2949 84817771
2950 1759567312
2951 1362123895
2952 106221865
2953 2068404411
2954 678568355
2955 1572892215
2956 417136112
2957 1642145390
2958 1080033670
2959 317424896
2960 1295049279
2961 1814192207
2962 1514653011
2963 1807127724
2964 1555674187
2965 984790879
2966 1851905217
2967 1222711455
2968 938356290
2969 1053961817
2970 1864811882
2971 1109097946
2972 1965525340
2973 1888203446
2974 662594227
2975 1021782586
2976 1724314779
2977 1817081457
2978 1855540190
2979 2030144655
2980 1139669628
2981 1928382342
2982 430886045
2983 1874311706
2984 1292734273
2985 973356548
2986 1600973192
2987 70882991
2988 560081573
2989 833460735
2990 1429094640
2991 988744081
2992 944728705
2993 1492219696
2994 597895474
2995 634407661
2996 1820622687
2997 354432900
2998 465208641
2999 1621782095
3000 111134779
