# motley_par sizes H=11 Nmax=41 steps=462
2
4
9
21
51
127
324
844
2243
6073
16737
38065
32057
33937
33313
33537
33433
33537
33313
33937
32057
38065
38065
32057
33937
33313
33537
33433
33537
33313
33937
32057
38065
38065
32057
33937
33313
33537
33433
33537
33313
33937
32057
38065
38065
32057
33937
33313
33537
33433
33537
33313
33937
32057
38065
38065
32057
33937
33313
33537
33433
33537
33313
33937
32057
38065
38065
32057
33937
33313
33537
33433
33537
33313
33937
32057
38065
38065
32057
33937
33313
33537
33433
33537
33313
33937
32057
38065
38065
32057
33937
33313
33537
33433
33537
33313
33937
32057
38065
38065
32057
33937
33313
33537
33433
33537
33313
33937
32057
38065
38065
32057
33937
33313
33537
33433
33537
33313
33937
32057
38065
38065
32057
33937
33313
33537
33433
33537
33313
33937
32057
38065
38065
32057
33937
33313
33537
33433
33537
33313
33937
32057
38065
38065
32057
33937
33313
33537
33433
33537
33313
33937
32057
38065
38065
32057
33937
33313
33537
33433
33537
33313
33937
32057
38065
38065
32057
33937
33313
33537
33433
33537
33313
33937
32057
38065
38065
32057
33937
33313
33537
33433
33537
33313
33937
32057
38065
38065
32057
33937
33313
33537
33433
33537
33313
33937
32057
38065
38065
32057
33937
33313
33537
33433
33537
33313
33937
32057
38065
38065
32057
33937
33313
33537
33433
33537
33313
33937
32057
38065
38065
32057
33937
33313
33537
33433
33537
33313
33937
32057
38065
38065
32057
33937
33313
33537
33433
33537
33313
33937
32057
38065
38065
32057
33937
33313
33537
33433
33537
33313
33937
32057
38065
38065
32057
33937
33313
33537
33433
33537
33313
33937
32057
38065
38065
32057
33937
33313
33537
33433
33537
33313
33937
32057
38065
38065
32057
33937
33313
33537
33433
33537
33313
33937
32057
38065
38065
32057
33937
33313
33537
33433
33537
33313
33937
32057
38065
38065
32057
33937
33313
33537
33433
33537
33313
33937
32057
38065
38065
32057
33937
33313
33537
33433
33537
33313
33937
32057
38065
38065
32057
33937
33313
33537
33433
33537
33313
33937
32057
38065
38065
32057
33937
33313
33537
33433
33537
33313
33937
32057
38065
38065
32057
33937
33313
33537
33433
33537
33313
33937
32057
38065
38065
32057
33937
33313
33537
33433
33537
33313
33937
32057
38065
38065
32057
33937
33313
33537
33433
33537
33313
33937
32057
38065
38065
32057
33937
33313
33537
33433
33537
33313
33937
32057
38065
38065
32057
33937
33313
33537
33433
33537
33313
33937
32057
38065
38065
32057
33937
33313
33537
33433
33537
33313
33937
32057
38065
38065
32057
33937
33313
33537
33433
33537
33313
33937
32057
38065
38065
32057
33937
33313
33537
33433
33537
33313
33937
32057
38065
38065
32057
33937
33313
33537
33433
33537
33313
33937
32057
38065
38065
32057
33937
33313
33537
33433
33537
33313
33937
32057
38065
38065
32057
33937
33313
33537
33433
33537
33313
33937
32057
38065
