# motley_par sizes H=7 Nmax=41 steps=294
2
4
9
21
51
127
324
718
628
654
644
654
628
718
718
628
654
644
654
628
718
718
628
654
644
654
628
718
718
628
654
644
654
628
718
718
628
654
644
654
628
718
718
628
654
644
654
628
718
718
628
654
644
654
628
718
718
628
654
644
654
628
718
718
628
654
644
654
628
718
718
628
654
644
654
628
718
718
628
654
644
654
628
718
718
628
654
644
654
628
718
718
628
654
644
654
628
718
718
628
654
644
654
628
718
718
628
654
644
654
628
718
718
628
654
644
654
628
718
718
628
654
644
654
628
718
718
628
654
644
654
628
718
718
628
654
644
654
628
718
718
628
654
644
654
628
718
718
628
654
644
654
628
718
718
628
654
644
654
628
718
718
628
654
644
654
628
718
718
628
654
644
654
628
718
718
628
654
644
654
628
718
718
628
654
644
654
628
718
718
628
654
644
654
628
718
718
628
654
644
654
628
718
718
628
654
644
654
628
718
718
628
654
644
654
628
718
718
628
654
644
654
628
718
718
628
654
644
654
628
718
718
628
654
644
654
628
718
718
628
654
644
654
628
718
718
628
654
644
654
628
718
718
628
654
644
654
628
718
718
628
654
644
654
628
718
718
628
654
644
654
628
718
718
628
654
644
654
628
718
718
628
654
644
654
628
718
718
628
654
644
654
628
718
