# motley_par sizes H=6 Nmax=41 steps=252
2
4
9
21
51
127
279
247
255
255
247
279
279
247
255
255
247
279
279
247
255
255
247
279
279
247
255
255
247
279
279
247
255
255
247
279
279
247
255
255
247
279
279
247
255
255
247
279
279
247
255
255
247
279
279
247
255
255
247
279
279
247
255
255
247
279
279
247
255
255
247
279
279
247
255
255
247
279
279
247
255
255
247
279
279
247
255
255
247
279
279
247
255
255
247
279
279
247
255
255
247
279
279
247
255
255
247
279
279
247
255
255
247
279
279
247
255
255
247
279
279
247
255
255
247
279
279
247
255
255
247
279
279
247
255
255
247
279
279
247
255
255
247
279
279
247
255
255
247
279
279
247
255
255
247
279
279
247
255
255
247
279
279
247
255
255
247
279
279
247
255
255
247
279
279
247
255
255
247
279
279
247
255
255
247
279
279
247
255
255
247
279
279
247
255
255
247
279
279
247
255
255
247
279
279
247
255
255
247
279
279
247
255
255
247
279
279
247
255
255
247
279
279
247
255
255
247
279
279
247
255
255
247
279
279
247
255
255
247
279
279
247
255
255
247
279
279
247
255
255
247
279
