# motley_par sizes H=19 Nmax=41 steps=798
2
4
9
21
51
127
324
844
2243
6073
16737
46905
133556
386062
1132107
3365627
10137559
30920943
95457178
224529648
178590714
195571568
189109658
191628880
190625914
191033232
190863514
190938928
190896634
190938928
190863514
191033232
190625914
191628880
189109658
195571568
178590714
224529648
224529648
178590714
195571568
189109658
191628880
190625914
191033232
190863514
190938928
190896634
190938928
190863514
191033232
190625914
191628880
189109658
195571568
178590714
224529648
224529648
178590714
195571568
189109658
191628880
190625914
191033232
190863514
190938928
190896634
190938928
190863514
191033232
190625914
191628880
189109658
195571568
178590714
224529648
224529648
178590714
195571568
189109658
191628880
190625914
191033232
190863514
190938928
190896634
190938928
190863514
191033232
190625914
191628880
189109658
195571568
178590714
224529648
224529648
178590714
195571568
189109658
191628880
190625914
191033232
190863514
190938928
190896634
190938928
190863514
191033232
190625914
191628880
189109658
195571568
178590714
224529648
224529648
178590714
195571568
189109658
191628880
190625914
191033232
190863514
190938928
190896634
190938928
190863514
191033232
190625914
191628880
189109658
195571568
178590714
224529648
224529648
178590714
195571568
189109658
191628880
190625914
191033232
190863514
190938928
190896634
190938928
190863514
191033232
190625914
191628880
189109658
195571568
178590714
224529648
224529648
178590714
195571568
189109658
191628880
190625914
191033232
190863514
190938928
190896634
190938928
190863514
191033232
190625914
191628880
189109658
195571568
178590714
224529648
224529648
178590714
195571568
189109658
191628880
190625914
191033232
190863514
190938928
190896634
190938928
190863514
191033232
190625914
191628880
189109658
195571568
178590714
224529648
224529648
178590714
195571568
189109658
191628880
190625914
191033232
190863514
190938928
190896634
190938928
190863514
191033232
190625914
191628880
189109658
195571568
178590714
224529648
224529648
178590714
195571568
189109658
191628880
190625914
191033232
190863514
190938928
190896634
190938928
190863514
191033232
190625914
191628880
189109658
195571568
178590714
224529648
224529648
178590714
195571568
189109658
191628880
190625914
191033232
190863514
190938928
190896634
190938928
190863514
191033232
190625914
191628880
189109658
195571568
178590714
224529648
224529648
178590714
195571568
189109658
191628880
190625914
191033232
190863514
190938928
190896634
190938928
190863514
191033232
190625914
191628880
189109658
195571568
178590714
224529648
224529648
178590714
195571568
189109658
191628880
190625914
191033232
190863514
190938928
190896634
190938928
190863514
191033232
190625914
191628880
189109658
195571568
178590714
224529648
224529648
178590714
195571568
189109658
191628880
190625914
191033232
190863514
190938928
190896634
190938928
190863514
191033232
190625914
191628880
189109658
195571568
178590714
224529648
224529648
178590714
195571568
189109658
191628880
190625914
191033232
190863514
190938928
190896634
190938928
190863514
191033232
190625914
191628880
189109658
195571568
178590714
224529648
224529648
178590714
195571568
189109658
191628880
190625914
191033232
190863514
190938928
190896634
190938928
190863514
191033232
190625914
191628880
189109658
195571568
178590714
224529648
224529648
178590714
195571568
189109658
191628880
190625914
191033232
190863514
190938928
190896634
190938928
190863514
191033232
190625914
191628880
189109658
195571568
178590714
224529648
224529648
178590714
195571568
189109658
191628880
190625914
191033232
190863514
190938928
190896634
190938928
190863514
191033232
190625914
191628880
189109658
195571568
178590714
224529648
224529648
178590714
195571568
189109658
191628880
190625914
191033232
190863514
190938928
190896634
190938928
190863514
191033232
190625914
191628880
189109658
195571568
178590714
224529648
224529648
178590714
195571568
189109658
191628880
190625914
191033232
190863514
190938928
190896634
190938928
190863514
191033232
190625914
191628880
189109658
195571568
178590714
224529648
224529648
178590714
195571568
189109658
191628880
190625914
191033232
190863514
190938928
190896634
190938928
190863514
191033232
190625914
191628880
189109658
195571568
178590714
224529648
224529648
178590714
195571568
189109658
191628880
190625914
191033232
190863514
190938928
190896634
190938928
190863514
191033232
190625914
191628880
189109658
195571568
178590714
224529648
224529648
178590714
195571568
189109658
191628880
190625914
191033232
190863514
190938928
190896634
190938928
190863514
191033232
190625914
191628880
189109658
195571568
178590714
224529648
224529648
178590714
195571568
189109658
191628880
190625914
191033232
190863514
190938928
190896634
190938928
190863514
191033232
190625914
191628880
189109658
195571568
178590714
224529648
224529648
178590714
195571568
189109658
191628880
190625914
191033232
190863514
190938928
190896634
190938928
190863514
191033232
190625914
191628880
189109658
195571568
178590714
224529648
224529648
178590714
195571568
189109658
191628880
190625914
191033232
190863514
190938928
190896634
190938928
190863514
191033232
190625914
191628880
189109658
195571568
178590714
224529648
224529648
178590714
195571568
189109658
191628880
190625914
191033232
190863514
190938928
190896634
190938928
190863514
191033232
190625914
191628880
189109658
195571568
178590714
224529648
224529648
178590714
195571568
189109658
191628880
190625914
191033232
190863514
190938928
190896634
190938928
190863514
191033232
190625914
191628880
189109658
195571568
178590714
224529648
224529648
178590714
195571568
189109658
191628880
190625914
191033232
190863514
190938928
190896634
190938928
190863514
191033232
190625914
191628880
189109658
195571568
178590714
224529648
224529648
178590714
195571568
189109658
191628880
190625914
191033232
190863514
190938928
190896634
190938928
190863514
191033232
190625914
191628880
189109658
195571568
178590714
224529648
224529648
178590714
195571568
189109658
191628880
190625914
191033232
190863514
190938928
190896634
190938928
190863514
191033232
190625914
191628880
189109658
195571568
178590714
224529648
224529648
178590714
195571568
189109658
191628880
190625914
191033232
190863514
190938928
190896634
190938928
190863514
191033232
190625914
191628880
189109658
195571568
178590714
224529648
224529648
178590714
195571568
189109658
191628880
190625914
191033232
190863514
190938928
190896634
190938928
190863514
191033232
190625914
191628880
189109658
195571568
178590714
224529648
224529648
178590714
195571568
189109658
191628880
190625914
191033232
190863514
190938928
190896634
190938928
190863514
191033232
190625914
191628880
189109658
195571568
178590714
224529648
224529648
178590714
195571568
189109658
191628880
190625914
191033232
190863514
190938928
190896634
190938928
190863514
191033232
190625914
191628880
189109658
195571568
178590714
224529648
224529648
178590714
195571568
189109658
191628880
190625914
191033232
190863514
190938928
190896634
190938928
190863514
191033232
190625914
191628880
189109658
195571568
178590714
224529648
224529648
178590714
195571568
189109658
191628880
190625914
191033232
190863514
190938928
190896634
190938928
190863514
191033232
190625914
191628880
189109658
195571568
178590714
224529648
224529648
178590714
195571568
189109658
191628880
190625914
191033232
190863514
190938928
190896634
190938928
190863514
191033232
190625914
191628880
189109658
195571568
178590714
224529648
224529648
178590714
195571568
189109658
191628880
190625914
191033232
190863514
190938928
190896634
190938928
190863514
191033232
190625914
191628880
189109658
195571568
178590714
224529648
224529648
178590714
195571568
189109658
191628880
190625914
191033232
190863514
190938928
190896634
190938928
190863514
191033232
190625914
191628880
189109658
195571568
178590714
224529648
