# motley_par sizes H=13 Nmax=41 steps=546
2
4
9
21
51
127
324
844
2243
6073
16737
46905
133556
306858
254228
271498
265556
267690
266868
267274
266868
267690
265556
271498
254228
306858
306858
254228
271498
265556
267690
266868
267274
266868
267690
265556
271498
254228
306858
306858
254228
271498
265556
267690
266868
267274
266868
267690
265556
271498
254228
306858
306858
254228
271498
265556
267690
266868
267274
266868
267690
265556
271498
254228
306858
306858
254228
271498
265556
267690
266868
267274
266868
267690
265556
271498
254228
306858
306858
254228
271498
265556
267690
266868
267274
266868
267690
265556
271498
254228
306858
306858
254228
271498
265556
267690
266868
267274
266868
267690
265556
271498
254228
306858
306858
254228
271498
265556
267690
266868
267274
266868
267690
265556
271498
254228
306858
306858
254228
271498
265556
267690
266868
267274
266868
267690
265556
271498
254228
306858
306858
254228
271498
265556
267690
266868
267274
266868
267690
265556
271498
254228
306858
306858
254228
271498
265556
267690
266868
267274
266868
267690
265556
271498
254228
306858
306858
254228
271498
265556
267690
266868
267274
266868
267690
265556
271498
254228
306858
306858
254228
271498
265556
267690
266868
267274
266868
267690
265556
271498
254228
306858
306858
254228
271498
265556
267690
266868
267274
266868
267690
265556
271498
254228
306858
306858
254228
271498
265556
267690
266868
267274
266868
267690
265556
271498
254228
306858
306858
254228
271498
265556
267690
266868
267274
266868
267690
265556
271498
254228
306858
306858
254228
271498
265556
267690
266868
267274
266868
267690
265556
271498
254228
306858
306858
254228
271498
265556
267690
266868
267274
266868
267690
265556
271498
254228
306858
306858
254228
271498
265556
267690
266868
267274
266868
267690
265556
271498
254228
306858
306858
254228
271498
265556
267690
266868
267274
266868
267690
265556
271498
254228
306858
306858
254228
271498
265556
267690
266868
267274
266868
267690
265556
271498
254228
306858
306858
254228
271498
265556
267690
266868
267274
266868
267690
265556
271498
254228
306858
306858
254228
271498
265556
267690
266868
267274
266868
267690
265556
271498
254228
306858
306858
254228
271498
265556
267690
266868
267274
266868
267690
265556
271498
254228
306858
306858
254228
271498
265556
267690
266868
267274
266868
267690
265556
271498
254228
306858
306858
254228
271498
265556
267690
266868
267274
266868
267690
265556
271498
254228
306858
306858
254228
271498
265556
267690
266868
267274
266868
267690
265556
271498
254228
306858
306858
254228
271498
265556
267690
266868
267274
266868
267690
265556
271498
254228
306858
306858
254228
271498
265556
267690
266868
267274
266868
267690
265556
271498
254228
306858
306858
254228
271498
265556
267690
266868
267274
266868
267690
265556
271498
254228
306858
306858
254228
271498
265556
267690
266868
267274
266868
267690
265556
271498
254228
306858
306858
254228
271498
265556
267690
266868
267274
266868
267690
265556
271498
254228
306858
306858
254228
271498
265556
267690
266868
267274
266868
267690
265556
271498
254228
306858
306858
254228
271498
265556
267690
266868
267274
266868
267690
265556
271498
254228
306858
306858
254228
271498
265556
267690
266868
267274
266868
267690
265556
271498
254228
306858
306858
254228
271498
265556
267690
266868
267274
266868
267690
265556
271498
254228
306858
306858
254228
271498
265556
267690
266868
267274
266868
267690
265556
271498
254228
306858
306858
254228
271498
265556
267690
266868
267274
266868
267690
265556
271498
254228
306858
306858
254228
271498
265556
267690
266868
267274
266868
267690
265556
271498
254228
306858
306858
254228
271498
265556
267690
266868
267274
266868
267690
265556
271498
254228
306858
306858
254228
271498
265556
267690
266868
267274
266868
267690
265556
271498
254228
306858
