# motley_par sizes H=14 Nmax=41 steps=588
2
4
9
21
51
127
324
844
2243
6073
16737
46905
133556
386062
891074
732666
785814
767206
773930
771474
772286
772286
771474
773930
767206
785814
732666
891074
891074
732666
785814
767206
773930
771474
772286
772286
771474
773930
767206
785814
732666
891074
891074
732666
785814
767206
773930
771474
772286
772286
771474
773930
767206
785814
732666
891074
891074
732666
785814
767206
773930
771474
772286
772286
771474
773930
767206
785814
732666
891074
891074
732666
785814
767206
773930
771474
772286
772286
771474
773930
767206
785814
732666
891074
891074
732666
785814
767206
773930
771474
772286
772286
771474
773930
767206
785814
732666
891074
891074
732666
785814
767206
773930
771474
772286
772286
771474
773930
767206
785814
732666
891074
891074
732666
785814
767206
773930
771474
772286
772286
771474
773930
767206
785814
732666
891074
891074
732666
785814
767206
773930
771474
772286
772286
771474
773930
767206
785814
732666
891074
891074
732666
785814
767206
773930
771474
772286
772286
771474
773930
767206
785814
732666
891074
891074
732666
785814
767206
773930
771474
772286
772286
771474
773930
767206
785814
732666
891074
891074
732666
785814
767206
773930
771474
772286
772286
771474
773930
767206
785814
732666
891074
891074
732666
785814
767206
773930
771474
772286
772286
771474
773930
767206
785814
732666
891074
891074
732666
785814
767206
773930
771474
772286
772286
771474
773930
767206
785814
732666
891074
891074
732666
785814
767206
773930
771474
772286
772286
771474
773930
767206
785814
732666
891074
891074
732666
785814
767206
773930
771474
772286
772286
771474
773930
767206
785814
732666
891074
891074
732666
785814
767206
773930
771474
772286
772286
771474
773930
767206
785814
732666
891074
891074
732666
785814
767206
773930
771474
772286
772286
771474
773930
767206
785814
732666
891074
891074
732666
785814
767206
773930
771474
772286
772286
771474
773930
767206
785814
732666
891074
891074
732666
785814
767206
773930
771474
772286
772286
771474
773930
767206
785814
732666
891074
891074
732666
785814
767206
773930
771474
772286
772286
771474
773930
767206
785814
732666
891074
891074
732666
785814
767206
773930
771474
772286
772286
771474
773930
767206
785814
732666
891074
891074
732666
785814
767206
773930
771474
772286
772286
771474
773930
767206
785814
732666
891074
891074
732666
785814
767206
773930
771474
772286
772286
771474
773930
767206
785814
732666
891074
891074
732666
785814
767206
773930
771474
772286
772286
771474
773930
767206
785814
732666
891074
891074
732666
785814
767206
773930
771474
772286
772286
771474
773930
767206
785814
732666
891074
891074
732666
785814
767206
773930
771474
772286
772286
771474
773930
767206
785814
732666
891074
891074
732666
785814
767206
773930
771474
772286
772286
771474
773930
767206
785814
732666
891074
891074
732666
785814
767206
773930
771474
772286
772286
771474
773930
767206
785814
732666
891074
891074
732666
785814
767206
773930
771474
772286
772286
771474
773930
767206
785814
732666
891074
891074
732666
785814
767206
773930
771474
772286
772286
771474
773930
767206
785814
732666
891074
891074
732666
785814
767206
773930
771474
772286
772286
771474
773930
767206
785814
732666
891074
891074
732666
785814
767206
773930
771474
772286
772286
771474
773930
767206
785814
732666
891074
891074
732666
785814
767206
773930
771474
772286
772286
771474
773930
767206
785814
732666
891074
891074
732666
785814
767206
773930
771474
772286
772286
771474
773930
767206
785814
732666
891074
891074
732666
785814
767206
773930
771474
772286
772286
771474
773930
767206
785814
732666
891074
891074
732666
785814
767206
773930
771474
772286
772286
771474
773930
767206
785814
732666
891074
891074
732666
785814
767206
773930
771474
772286
772286
771474
773930
767206
785814
732666
891074
891074
732666
785814
767206
773930
771474
772286
772286
771474
773930
767206
785814
732666
891074
891074
732666
785814
767206
773930
771474
772286
772286
771474
773930
767206
785814
732666
891074
891074
732666
785814
767206
773930
771474
772286
772286
771474
773930
767206
785814
732666
891074
