# motley_par sizes H=18 Nmax=41 steps=756
2
4
9
21
51
127
324
844
2243
6073
16737
46905
133556
386062
1132107
3365627
10137559
30920943
72487711
58008671
63268143
61296799
62054927
61757103
61875903
61828751
61845311
61845311
61828751
61875903
61757103
62054927
61296799
63268143
58008671
72487711
72487711
58008671
63268143
61296799
62054927
61757103
61875903
61828751
61845311
61845311
61828751
61875903
61757103
62054927
61296799
63268143
58008671
72487711
72487711
58008671
63268143
61296799
62054927
61757103
61875903
61828751
61845311
61845311
61828751
61875903
61757103
62054927
61296799
63268143
58008671
72487711
72487711
58008671
63268143
61296799
62054927
61757103
61875903
61828751
61845311
61845311
61828751
61875903
61757103
62054927
61296799
63268143
58008671
72487711
72487711
58008671
63268143
61296799
62054927
61757103
61875903
61828751
61845311
61845311
61828751
61875903
61757103
62054927
61296799
63268143
58008671
72487711
72487711
58008671
63268143
61296799
62054927
61757103
61875903
61828751
61845311
61845311
61828751
61875903
61757103
62054927
61296799
63268143
58008671
72487711
72487711
58008671
63268143
61296799
62054927
61757103
61875903
61828751
61845311
61845311
61828751
61875903
61757103
62054927
61296799
63268143
58008671
72487711
72487711
58008671
63268143
61296799
62054927
61757103
61875903
61828751
61845311
61845311
61828751
61875903
61757103
62054927
61296799
63268143
58008671
72487711
72487711
58008671
63268143
61296799
62054927
61757103
61875903
61828751
61845311
61845311
61828751
61875903
61757103
62054927
61296799
63268143
58008671
72487711
72487711
58008671
63268143
61296799
62054927
61757103
61875903
61828751
61845311
61845311
61828751
61875903
61757103
62054927
61296799
63268143
58008671
72487711
72487711
58008671
63268143
61296799
62054927
61757103
61875903
61828751
61845311
61845311
61828751
61875903
61757103
62054927
61296799
63268143
58008671
72487711
72487711
58008671
63268143
61296799
62054927
61757103
61875903
61828751
61845311
61845311
61828751
61875903
61757103
62054927
61296799
63268143
58008671
72487711
72487711
58008671
63268143
61296799
62054927
61757103
61875903
61828751
61845311
61845311
61828751
61875903
61757103
62054927
61296799
63268143
58008671
72487711
72487711
58008671
63268143
61296799
62054927
61757103
61875903
61828751
61845311
61845311
61828751
61875903
61757103
62054927
61296799
63268143
58008671
72487711
72487711
58008671
63268143
61296799
62054927
61757103
61875903
61828751
61845311
61845311
61828751
61875903
61757103
62054927
61296799
63268143
58008671
72487711
72487711
58008671
63268143
61296799
62054927
61757103
61875903
61828751
61845311
61845311
61828751
61875903
61757103
62054927
61296799
63268143
58008671
72487711
72487711
58008671
63268143
61296799
62054927
61757103
61875903
61828751
61845311
61845311
61828751
61875903
61757103
62054927
61296799
63268143
58008671
72487711
72487711
58008671
63268143
61296799
62054927
61757103
61875903
61828751
61845311
61845311
61828751
61875903
61757103
62054927
61296799
63268143
58008671
72487711
72487711
58008671
63268143
61296799
62054927
61757103
61875903
61828751
61845311
61845311
61828751
61875903
61757103
62054927
61296799
63268143
58008671
72487711
72487711
58008671
63268143
61296799
62054927
61757103
61875903
61828751
61845311
61845311
61828751
61875903
61757103
62054927
61296799
63268143
58008671
72487711
72487711
58008671
63268143
61296799
62054927
61757103
61875903
61828751
61845311
61845311
61828751
61875903
61757103
62054927
61296799
63268143
58008671
72487711
72487711
58008671
63268143
61296799
62054927
61757103
61875903
61828751
61845311
61845311
61828751
61875903
61757103
62054927
61296799
63268143
58008671
72487711
72487711
58008671
63268143
61296799
62054927
61757103
61875903
61828751
61845311
61845311
61828751
61875903
61757103
62054927
61296799
63268143
58008671
72487711
72487711
58008671
63268143
61296799
62054927
61757103
61875903
61828751
61845311
61845311
61828751
61875903
61757103
62054927
61296799
63268143
58008671
72487711
72487711
58008671
63268143
61296799
62054927
61757103
61875903
61828751
61845311
61845311
61828751
61875903
61757103
62054927
61296799
63268143
58008671
72487711
72487711
58008671
63268143
61296799
62054927
61757103
61875903
61828751
61845311
61845311
61828751
61875903
61757103
62054927
61296799
63268143
58008671
72487711
72487711
58008671
63268143
61296799
62054927
61757103
61875903
61828751
61845311
61845311
61828751
61875903
61757103
62054927
61296799
63268143
58008671
72487711
72487711
58008671
63268143
61296799
62054927
61757103
61875903
61828751
61845311
61845311
61828751
61875903
61757103
62054927
61296799
63268143
58008671
72487711
72487711
58008671
63268143
61296799
62054927
61757103
61875903
61828751
61845311
61845311
61828751
61875903
61757103
62054927
61296799
63268143
58008671
72487711
72487711
58008671
63268143
61296799
62054927
61757103
61875903
61828751
61845311
61845311
61828751
61875903
61757103
62054927
61296799
63268143
58008671
72487711
72487711
58008671
63268143
61296799
62054927
61757103
61875903
61828751
61845311
61845311
61828751
61875903
61757103
62054927
61296799
63268143
58008671
72487711
72487711
58008671
63268143
61296799
62054927
61757103
61875903
61828751
61845311
61845311
61828751
61875903
61757103
62054927
61296799
63268143
58008671
72487711
72487711
58008671
63268143
61296799
62054927
61757103
61875903
61828751
61845311
61845311
61828751
61875903
61757103
62054927
61296799
63268143
58008671
72487711
72487711
58008671
63268143
61296799
62054927
61757103
61875903
61828751
61845311
61845311
61828751
61875903
61757103
62054927
61296799
63268143
58008671
72487711
72487711
58008671
63268143
61296799
62054927
61757103
61875903
61828751
61845311
61845311
61828751
61875903
61757103
62054927
61296799
63268143
58008671
72487711
72487711
58008671
63268143
61296799
62054927
61757103
61875903
61828751
61845311
61845311
61828751
61875903
61757103
62054927
61296799
63268143
58008671
72487711
72487711
58008671
63268143
61296799
62054927
61757103
61875903
61828751
61845311
61845311
61828751
61875903
61757103
62054927
61296799
63268143
58008671
72487711
72487711
58008671
63268143
61296799
62054927
61757103
61875903
61828751
61845311
61845311
61828751
61875903
61757103
62054927
61296799
63268143
58008671
72487711
72487711
58008671
63268143
61296799
62054927
61757103
61875903
61828751
61845311
61845311
61828751
61875903
61757103
62054927
61296799
63268143
58008671
72487711
72487711
58008671
63268143
61296799
62054927
61757103
61875903
61828751
61845311
61845311
61828751
61875903
61757103
62054927
61296799
63268143
58008671
72487711
72487711
58008671
63268143
61296799
62054927
61757103
61875903
61828751
61845311
61845311
61828751
61875903
61757103
62054927
61296799
63268143
58008671
72487711
