# motley_par sizes H=4 Nmax=41 steps=168
2
4
9
21
45
41
41
45
45
41
41
45
45
41
41
45
45
41
41
45
45
41
41
45
45
41
41
45
45
41
41
45
45
41
41
45
45
41
41
45
45
41
41
45
45
41
41
45
45
41
41
45
45
41
41
45
45
41
41
45
45
41
41
45
45
41
41
45
45
41
41
45
45
41
41
45
45
41
41
45
45
41
41
45
45
41
41
45
45
41
41
45
45
41
41
45
45
41
41
45
45
41
41
45
45
41
41
45
45
41
41
45
45
41
41
45
45
41
41
45
45
41
41
45
45
41
41
45
45
41
41
45
45
41
41
45
45
41
41
45
45
41
41
45
45
41
41
45
45
41
41
45
45
41
41
45
45
41
41
45
45
41
41
45
45
41
41
45
