# motley_par sizes H=10 Nmax=41 steps=420
2
4
9
21
51
127
324
844
2243
6073
13733
11669
12297
12097
12157
12157
12097
12297
11669
13733
13733
11669
12297
12097
12157
12157
12097
12297
11669
13733
13733
11669
12297
12097
12157
12157
12097
12297
11669
13733
13733
11669
12297
12097
12157
12157
12097
12297
11669
13733
13733
11669
12297
12097
12157
12157
12097
12297
11669
13733
13733
11669
12297
12097
12157
12157
12097
12297
11669
13733
13733
11669
12297
12097
12157
12157
12097
12297
11669
13733
13733
11669
12297
12097
12157
12157
12097
12297
11669
13733
13733
11669
12297
12097
12157
12157
12097
12297
11669
13733
13733
11669
12297
12097
12157
12157
12097
12297
11669
13733
13733
11669
12297
12097
12157
12157
12097
12297
11669
13733
13733
11669
12297
12097
12157
12157
12097
12297
11669
13733
13733
11669
12297
12097
12157
12157
12097
12297
11669
13733
13733
11669
12297
12097
12157
12157
12097
12297
11669
13733
13733
11669
12297
12097
12157
12157
12097
12297
11669
13733
13733
11669
12297
12097
12157
12157
12097
12297
11669
13733
13733
11669
12297
12097
12157
12157
12097
12297
11669
13733
13733
11669
12297
12097
12157
12157
12097
12297
11669
13733
13733
11669
12297
12097
12157
12157
12097
12297
11669
13733
13733
11669
12297
12097
12157
12157
12097
12297
11669
13733
13733
11669
12297
12097
12157
12157
12097
12297
11669
13733
13733
11669
12297
12097
12157
12157
12097
12297
11669
13733
13733
11669
12297
12097
12157
12157
12097
12297
11669
13733
13733
11669
12297
12097
12157
12157
12097
12297
11669
13733
13733
11669
12297
12097
12157
12157
12097
12297
11669
13733
13733
11669
12297
12097
12157
12157
12097
12297
11669
13733
13733
11669
12297
12097
12157
12157
12097
12297
11669
13733
13733
11669
12297
12097
12157
12157
12097
12297
11669
13733
13733
11669
12297
12097
12157
12157
12097
12297
11669
13733
13733
11669
12297
12097
12157
12157
12097
12297
11669
13733
13733
11669
12297
12097
12157
12157
12097
12297
11669
13733
13733
11669
12297
12097
12157
12157
12097
12297
11669
13733
13733
11669
12297
12097
12157
12157
12097
12297
11669
13733
13733
11669
12297
12097
12157
12157
12097
12297
11669
13733
13733
11669
12297
12097
12157
12157
12097
12297
11669
13733
13733
11669
12297
12097
12157
12157
12097
12297
11669
13733
13733
11669
12297
12097
12157
12157
12097
12297
11669
13733
13733
11669
12297
12097
12157
12157
12097
12297
11669
13733
13733
11669
12297
12097
12157
12157
12097
12297
11669
13733
13733
11669
12297
12097
12157
12157
12097
12297
11669
13733
13733
11669
12297
12097
12157
12157
12097
12297
11669
13733
