# motley_par sizes H=15 Nmax=41 steps=630
2
4
9
21
51
127
324
844
2243
6073
16737
46905
133556
386062
1132107
2624197
2142131
2307381
2248427
2270165
2261875
2265253
2263499
2265253
2261875
2270165
2248427
2307381
2142131
2624197
2624197
2142131
2307381
2248427
2270165
2261875
2265253
2263499
2265253
2261875
2270165
2248427
2307381
2142131
2624197
2624197
2142131
2307381
2248427
2270165
2261875
2265253
2263499
2265253
2261875
2270165
2248427
2307381
2142131
2624197
2624197
2142131
2307381
2248427
2270165
2261875
2265253
2263499
2265253
2261875
2270165
2248427
2307381
2142131
2624197
2624197
2142131
2307381
2248427
2270165
2261875
2265253
2263499
2265253
2261875
2270165
2248427
2307381
2142131
2624197
2624197
2142131
2307381
2248427
2270165
2261875
2265253
2263499
2265253
2261875
2270165
2248427
2307381
2142131
2624197
2624197
2142131
2307381
2248427
2270165
2261875
2265253
2263499
2265253
2261875
2270165
2248427
2307381
2142131
2624197
2624197
2142131
2307381
2248427
2270165
2261875
2265253
2263499
2265253
2261875
2270165
2248427
2307381
2142131
2624197
2624197
2142131
2307381
2248427
2270165
2261875
2265253
2263499
2265253
2261875
2270165
2248427
2307381
2142131
2624197
2624197
2142131
2307381
2248427
2270165
2261875
2265253
2263499
2265253
2261875
2270165
2248427
2307381
2142131
2624197
2624197
2142131
2307381
2248427
2270165
2261875
2265253
2263499
2265253
2261875
2270165
2248427
2307381
2142131
2624197
2624197
2142131
2307381
2248427
2270165
2261875
2265253
2263499
2265253
2261875
2270165
2248427
2307381
2142131
2624197
2624197
2142131
2307381
2248427
2270165
2261875
2265253
2263499
2265253
2261875
2270165
2248427
2307381
2142131
2624197
2624197
2142131
2307381
2248427
2270165
2261875
2265253
2263499
2265253
2261875
2270165
2248427
2307381
2142131
2624197
2624197
2142131
2307381
2248427
2270165
2261875
2265253
2263499
2265253
2261875
2270165
2248427
2307381
2142131
2624197
2624197
2142131
2307381
2248427
2270165
2261875
2265253
2263499
2265253
2261875
2270165
2248427
2307381
2142131
2624197
2624197
2142131
2307381
2248427
2270165
2261875
2265253
2263499
2265253
2261875
2270165
2248427
2307381
2142131
2624197
2624197
2142131
2307381
2248427
2270165
2261875
2265253
2263499
2265253
2261875
2270165
2248427
2307381
2142131
2624197
2624197
2142131
2307381
2248427
2270165
2261875
2265253
2263499
2265253
2261875
2270165
2248427
2307381
2142131
2624197
2624197
2142131
2307381
2248427
2270165
2261875
2265253
2263499
2265253
2261875
2270165
2248427
2307381
2142131
2624197
2624197
2142131
2307381
2248427
2270165
2261875
2265253
2263499
2265253
2261875
2270165
2248427
2307381
2142131
2624197
2624197
2142131
2307381
2248427
2270165
2261875
2265253
2263499
2265253
2261875
2270165
2248427
2307381
2142131
2624197
2624197
2142131
2307381
2248427
2270165
2261875
2265253
2263499
2265253
2261875
2270165
2248427
2307381
2142131
2624197
2624197
2142131
2307381
2248427
2270165
2261875
2265253
2263499
2265253
2261875
2270165
2248427
2307381
2142131
2624197
2624197
2142131
2307381
2248427
2270165
2261875
2265253
2263499
2265253
2261875
2270165
2248427
2307381
2142131
2624197
2624197
2142131
2307381
2248427
2270165
2261875
2265253
2263499
2265253
2261875
2270165
2248427
2307381
2142131
2624197
2624197
2142131
2307381
2248427
2270165
2261875
2265253
2263499
2265253
2261875
2270165
2248427
2307381
2142131
2624197
2624197
2142131
2307381
2248427
2270165
2261875
2265253
2263499
2265253
2261875
2270165
2248427
2307381
2142131
2624197
2624197
2142131
2307381
2248427
2270165
2261875
2265253
2263499
2265253
2261875
2270165
2248427
2307381
2142131
2624197
2624197
2142131
2307381
2248427
2270165
2261875
2265253
2263499
2265253
2261875
2270165
2248427
2307381
2142131
2624197
2624197
2142131
2307381
2248427
2270165
2261875
2265253
2263499
2265253
2261875
2270165
2248427
2307381
2142131
2624197
2624197
2142131
2307381
2248427
2270165
2261875
2265253
2263499
2265253
2261875
2270165
2248427
2307381
2142131
2624197
2624197
2142131
2307381
2248427
2270165
2261875
2265253
2263499
2265253
2261875
2270165
2248427
2307381
2142131
2624197
2624197
2142131
2307381
2248427
2270165
2261875
2265253
2263499
2265253
2261875
2270165
2248427
2307381
2142131
2624197
2624197
2142131
2307381
2248427
2270165
2261875
2265253
2263499
2265253
2261875
2270165
2248427
2307381
2142131
2624197
2624197
2142131
2307381
2248427
2270165
2261875
2265253
2263499
2265253
2261875
2270165
2248427
2307381
2142131
2624197
2624197
2142131
2307381
2248427
2270165
2261875
2265253
2263499
2265253
2261875
2270165
2248427
2307381
2142131
2624197
2624197
2142131
2307381
2248427
2270165
2261875
2265253
2263499
2265253
2261875
2270165
2248427
2307381
2142131
2624197
2624197
2142131
2307381
2248427
2270165
2261875
2265253
2263499
2265253
2261875
2270165
2248427
2307381
2142131
2624197
2624197
2142131
2307381
2248427
2270165
2261875
2265253
2263499
2265253
2261875
2270165
2248427
2307381
2142131
2624197
2624197
2142131
2307381
2248427
2270165
2261875
2265253
2263499
2265253
2261875
2270165
2248427
2307381
2142131
2624197
