# motley_par sizes H=17 Nmax=41 steps=714
2
4
9
21
51
127
324
844
2243
6073
16737
46905
133556
386062
1132107
3365627
10137559
23681423
19071639
20715703
20109095
20339247
20249735
20285559
20270263
20278543
20270263
20285559
20249735
20339247
20109095
20715703
19071639
23681423
23681423
19071639
20715703
20109095
20339247
20249735
20285559
20270263
20278543
20270263
20285559
20249735
20339247
20109095
20715703
19071639
23681423
23681423
19071639
20715703
20109095
20339247
20249735
20285559
20270263
20278543
20270263
20285559
20249735
20339247
20109095
20715703
19071639
23681423
23681423
19071639
20715703
20109095
20339247
20249735
20285559
20270263
20278543
20270263
20285559
20249735
20339247
20109095
20715703
19071639
23681423
23681423
19071639
20715703
20109095
20339247
20249735
20285559
20270263
20278543
20270263
20285559
20249735
20339247
20109095
20715703
19071639
23681423
23681423
19071639
20715703
20109095
20339247
20249735
20285559
20270263
20278543
20270263
20285559
20249735
20339247
20109095
20715703
19071639
23681423
23681423
19071639
20715703
20109095
20339247
20249735
20285559
20270263
20278543
20270263
20285559
20249735
20339247
20109095
20715703
19071639
23681423
23681423
19071639
20715703
20109095
20339247
20249735
20285559
20270263
20278543
20270263
20285559
20249735
20339247
20109095
20715703
19071639
23681423
23681423
19071639
20715703
20109095
20339247
20249735
20285559
20270263
20278543
20270263
20285559
20249735
20339247
20109095
20715703
19071639
23681423
23681423
19071639
20715703
20109095
20339247
20249735
20285559
20270263
20278543
20270263
20285559
20249735
20339247
20109095
20715703
19071639
23681423
23681423
19071639
20715703
20109095
20339247
20249735
20285559
20270263
20278543
20270263
20285559
20249735
20339247
20109095
20715703
19071639
23681423
23681423
19071639
20715703
20109095
20339247
20249735
20285559
20270263
20278543
20270263
20285559
20249735
20339247
20109095
20715703
19071639
23681423
23681423
19071639
20715703
20109095
20339247
20249735
20285559
20270263
20278543
20270263
20285559
20249735
20339247
20109095
20715703
19071639
23681423
23681423
19071639
20715703
20109095
20339247
20249735
20285559
20270263
20278543
20270263
20285559
20249735
20339247
20109095
20715703
19071639
23681423
23681423
19071639
20715703
20109095
20339247
20249735
20285559
20270263
20278543
20270263
20285559
20249735
20339247
20109095
20715703
19071639
23681423
23681423
19071639
20715703
20109095
20339247
20249735
20285559
20270263
20278543
20270263
20285559
20249735
20339247
20109095
20715703
19071639
23681423
23681423
19071639
20715703
20109095
20339247
20249735
20285559
20270263
20278543
20270263
20285559
20249735
20339247
20109095
20715703
19071639
23681423
23681423
19071639
20715703
20109095
20339247
20249735
20285559
20270263
20278543
20270263
20285559
20249735
20339247
20109095
20715703
19071639
23681423
23681423
19071639
20715703
20109095
20339247
20249735
20285559
20270263
20278543
20270263
20285559
20249735
20339247
20109095
20715703
19071639
23681423
23681423
19071639
20715703
20109095
20339247
20249735
20285559
20270263
20278543
20270263
20285559
20249735
20339247
20109095
20715703
19071639
23681423
23681423
19071639
20715703
20109095
20339247
20249735
20285559
20270263
20278543
20270263
20285559
20249735
20339247
20109095
20715703
19071639
23681423
23681423
19071639
20715703
20109095
20339247
20249735
20285559
20270263
20278543
20270263
20285559
20249735
20339247
20109095
20715703
19071639
23681423
23681423
19071639
20715703
20109095
20339247
20249735
20285559
20270263
20278543
20270263
20285559
20249735
20339247
20109095
20715703
19071639
23681423
23681423
19071639
20715703
20109095
20339247
20249735
20285559
20270263
20278543
20270263
20285559
20249735
20339247
20109095
20715703
19071639
23681423
23681423
19071639
20715703
20109095
20339247
20249735
20285559
20270263
20278543
20270263
20285559
20249735
20339247
20109095
20715703
19071639
23681423
23681423
19071639
20715703
20109095
20339247
20249735
20285559
20270263
20278543
20270263
20285559
20249735
20339247
20109095
20715703
19071639
23681423
23681423
19071639
20715703
20109095
20339247
20249735
20285559
20270263
20278543
20270263
20285559
20249735
20339247
20109095
20715703
19071639
23681423
23681423
19071639
20715703
20109095
20339247
20249735
20285559
20270263
20278543
20270263
20285559
20249735
20339247
20109095
20715703
19071639
23681423
23681423
19071639
20715703
20109095
20339247
20249735
20285559
20270263
20278543
20270263
20285559
20249735
20339247
20109095
20715703
19071639
23681423
23681423
19071639
20715703
20109095
20339247
20249735
20285559
20270263
20278543
20270263
20285559
20249735
20339247
20109095
20715703
19071639
23681423
23681423
19071639
20715703
20109095
20339247
20249735
20285559
20270263
20278543
20270263
20285559
20249735
20339247
20109095
20715703
19071639
23681423
23681423
19071639
20715703
20109095
20339247
20249735
20285559
20270263
20278543
20270263
20285559
20249735
20339247
20109095
20715703
19071639
23681423
23681423
19071639
20715703
20109095
20339247
20249735
20285559
20270263
20278543
20270263
20285559
20249735
20339247
20109095
20715703
19071639
23681423
23681423
19071639
20715703
20109095
20339247
20249735
20285559
20270263
20278543
20270263
20285559
20249735
20339247
20109095
20715703
19071639
23681423
23681423
19071639
20715703
20109095
20339247
20249735
20285559
20270263
20278543
20270263
20285559
20249735
20339247
20109095
20715703
19071639
23681423
23681423
19071639
20715703
20109095
20339247
20249735
20285559
20270263
20278543
20270263
20285559
20249735
20339247
20109095
20715703
19071639
23681423
23681423
19071639
20715703
20109095
20339247
20249735
20285559
20270263
20278543
20270263
20285559
20249735
20339247
20109095
20715703
19071639
23681423
23681423
19071639
20715703
20109095
20339247
20249735
20285559
20270263
20278543
20270263
20285559
20249735
20339247
20109095
20715703
19071639
23681423
23681423
19071639
20715703
20109095
20339247
20249735
20285559
20270263
20278543
20270263
20285559
20249735
20339247
20109095
20715703
19071639
23681423
23681423
19071639
20715703
20109095
20339247
20249735
20285559
20270263
20278543
20270263
20285559
20249735
20339247
20109095
20715703
19071639
23681423
23681423
19071639
20715703
20109095
20339247
20249735
20285559
20270263
20278543
20270263
20285559
20249735
20339247
20109095
20715703
19071639
23681423
