# motley_par sizes H=5 Nmax=41 steps=210
2
4
9
21
51
111
99
103
99
111
111
99
103
99
111
111
99
103
99
111
111
99
103
99
111
111
99
103
99
111
111
99
103
99
111
111
99
103
99
111
111
99
103
99
111
111
99
103
99
111
111
99
103
99
111
111
99
103
99
111
111
99
103
99
111
111
99
103
99
111
111
99
103
99
111
111
99
103
99
111
111
99
103
99
111
111
99
103
99
111
111
99
103
99
111
111
99
103
99
111
111
99
103
99
111
111
99
103
99
111
111
99
103
99
111
111
99
103
99
111
111
99
103
99
111
111
99
103
99
111
111
99
103
99
111
111
99
103
99
111
111
99
103
99
111
111
99
103
99
111
111
99
103
99
111
111
99
103
99
111
111
99
103
99
111
111
99
103
99
111
111
99
103
99
111
111
99
103
99
111
111
99
103
99
111
111
99
103
99
111
111
99
103
99
111
111
99
103
99
111
111
99
103
99
111
111
99
103
99
111
