# motley_par sizes H=12 Nmax=41 steps=504
2
4
9
21
51
127
324
844
2243
6073
16737
46905
107241
89561
95225
93321
93977
93769
93769
93977
93321
95225
89561
107241
107241
89561
95225
93321
93977
93769
93769
93977
93321
95225
89561
107241
107241
89561
95225
93321
93977
93769
93769
93977
93321
95225
89561
107241
107241
89561
95225
93321
93977
93769
93769
93977
93321
95225
89561
107241
107241
89561
95225
93321
93977
93769
93769
93977
93321
95225
89561
107241
107241
89561
95225
93321
93977
93769
93769
93977
93321
95225
89561
107241
107241
89561
95225
93321
93977
93769
93769
93977
93321
95225
89561
107241
107241
89561
95225
93321
93977
93769
93769
93977
93321
95225
89561
107241
107241
89561
95225
93321
93977
93769
93769
93977
93321
95225
89561
107241
107241
89561
95225
93321
93977
93769
93769
93977
93321
95225
89561
107241
107241
89561
95225
93321
93977
93769
93769
93977
93321
95225
89561
107241
107241
89561
95225
93321
93977
93769
93769
93977
93321
95225
89561
107241
107241
89561
95225
93321
93977
93769
93769
93977
93321
95225
89561
107241
107241
89561
95225
93321
93977
93769
93769
93977
93321
95225
89561
107241
107241
89561
95225
93321
93977
93769
93769
93977
93321
95225
89561
107241
107241
89561
95225
93321
93977
93769
93769
93977
93321
95225
89561
107241
107241
89561
95225
93321
93977
93769
93769
93977
93321
95225
89561
107241
107241
89561
95225
93321
93977
93769
93769
93977
93321
95225
89561
107241
107241
89561
95225
93321
93977
93769
93769
93977
93321
95225
89561
107241
107241
89561
95225
93321
93977
93769
93769
93977
93321
95225
89561
107241
107241
89561
95225
93321
93977
93769
93769
93977
93321
95225
89561
107241
107241
89561
95225
93321
93977
93769
93769
93977
93321
95225
89561
107241
107241
89561
95225
93321
93977
93769
93769
93977
93321
95225
89561
107241
107241
89561
95225
93321
93977
93769
93769
93977
93321
95225
89561
107241
107241
89561
95225
93321
93977
93769
93769
93977
93321
95225
89561
107241
107241
89561
95225
93321
93977
93769
93769
93977
93321
95225
89561
107241
107241
89561
95225
93321
93977
93769
93769
93977
93321
95225
89561
107241
107241
89561
95225
93321
93977
93769
93769
93977
93321
95225
89561
107241
107241
89561
95225
93321
93977
93769
93769
93977
93321
95225
89561
107241
107241
89561
95225
93321
93977
93769
93769
93977
93321
95225
89561
107241
107241
89561
95225
93321
93977
93769
93769
93977
93321
95225
89561
107241
107241
89561
95225
93321
93977
93769
93769
93977
93321
95225
89561
107241
107241
89561
95225
93321
93977
93769
93769
93977
93321
95225
89561
107241
107241
89561
95225
93321
93977
93769
93769
93977
93321
95225
89561
107241
107241
89561
95225
93321
93977
93769
93769
93977
93321
95225
89561
107241
107241
89561
95225
93321
93977
93769
93769
93977
93321
95225
89561
107241
107241
89561
95225
93321
93977
93769
93769
93977
93321
95225
89561
107241
107241
89561
95225
93321
93977
93769
93769
93977
93321
95225
89561
107241
107241
89561
95225
93321
93977
93769
93769
93977
93321
95225
89561
107241
107241
89561
95225
93321
93977
93769
93769
93977
93321
95225
89561
107241
107241
89561
95225
93321
93977
93769
93769
93977
93321
95225
89561
107241
