# motley_par sizes H=8 Nmax=41 steps=336
2
4
9
21
51
127
324
844
1884
1632
1704
1684
1684
1704
1632
1884
1884
1632
1704
1684
1684
1704
1632
1884
1884
1632
1704
1684
1684
1704
1632
1884
1884
1632
1704
1684
1684
1704
1632
1884
1884
1632
1704
1684
1684
1704
1632
1884
1884
1632
1704
1684
1684
1704
1632
1884
1884
1632
1704
1684
1684
1704
1632
1884
1884
1632
1704
1684
1684
1704
1632
1884
1884
1632
1704
1684
1684
1704
1632
1884
1884
1632
1704
1684
1684
1704
1632
1884
1884
1632
1704
1684
1684
1704
1632
1884
1884
1632
1704
1684
1684
1704
1632
1884
1884
1632
1704
1684
1684
1704
1632
1884
1884
1632
1704
1684
1684
1704
1632
1884
1884
1632
1704
1684
1684
1704
1632
1884
1884
1632
1704
1684
1684
1704
1632
1884
1884
1632
1704
1684
1684
1704
1632
1884
1884
1632
1704
1684
1684
1704
1632
1884
1884
1632
1704
1684
1684
1704
1632
1884
1884
1632
1704
1684
1684
1704
1632
1884
1884
1632
1704
1684
1684
1704
1632
1884
1884
1632
1704
1684
1684
1704
1632
1884
1884
1632
1704
1684
1684
1704
1632
1884
1884
1632
1704
1684
1684
1704
1632
1884
1884
1632
1704
1684
1684
1704
1632
1884
1884
1632
1704
1684
1684
1704
1632
1884
1884
1632
1704
1684
1684
1704
1632
1884
1884
1632
1704
1684
1684
1704
1632
1884
1884
1632
1704
1684
1684
1704
1632
1884
1884
1632
1704
1684
1684
1704
1632
1884
1884
1632
1704
1684
1684
1704
1632
1884
1884
1632
1704
1684
1684
1704
1632
1884
1884
1632
1704
1684
1684
1704
1632
1884
1884
1632
1704
1684
1684
1704
1632
1884
1884
1632
1704
1684
1684
1704
1632
1884
1884
1632
1704
1684
1684
1704
1632
1884
1884
1632
1704
1684
1684
1704
1632
1884
1884
1632
1704
1684
1684
1704
1632
1884
1884
1632
1704
1684
1684
1704
1632
1884
1884
1632
1704
1684
1684
1704
1632
1884
1884
1632
1704
1684
1684
1704
1632
1884
