# motley_par sizes H=16 Nmax=41 steps=672
2
4
9
21
51
127
324
844
2243
6073
16737
46905
133556
386062
1132107
3365627
7832667
6349807
6868535
6680307
6750627
6723783
6734047
6730539
6730539
6734047
6723783
6750627
6680307
6868535
6349807
7832667
7832667
6349807
6868535
6680307
6750627
6723783
6734047
6730539
6730539
6734047
6723783
6750627
6680307
6868535
6349807
7832667
7832667
6349807
6868535
6680307
6750627
6723783
6734047
6730539
6730539
6734047
6723783
6750627
6680307
6868535
6349807
7832667
7832667
6349807
6868535
6680307
6750627
6723783
6734047
6730539
6730539
6734047
6723783
6750627
6680307
6868535
6349807
7832667
7832667
6349807
6868535
6680307
6750627
6723783
6734047
6730539
6730539
6734047
6723783
6750627
6680307
6868535
6349807
7832667
7832667
6349807
6868535
6680307
6750627
6723783
6734047
6730539
6730539
6734047
6723783
6750627
6680307
6868535
6349807
7832667
7832667
6349807
6868535
6680307
6750627
6723783
6734047
6730539
6730539
6734047
6723783
6750627
6680307
6868535
6349807
7832667
7832667
6349807
6868535
6680307
6750627
6723783
6734047
6730539
6730539
6734047
6723783
6750627
6680307
6868535
6349807
7832667
7832667
6349807
6868535
6680307
6750627
6723783
6734047
6730539
6730539
6734047
6723783
6750627
6680307
6868535
6349807
7832667
7832667
6349807
6868535
6680307
6750627
6723783
6734047
6730539
6730539
6734047
6723783
6750627
6680307
6868535
6349807
7832667
7832667
6349807
6868535
6680307
6750627
6723783
6734047
6730539
6730539
6734047
6723783
6750627
6680307
6868535
6349807
7832667
7832667
6349807
6868535
6680307
6750627
6723783
6734047
6730539
6730539
6734047
6723783
6750627
6680307
6868535
6349807
7832667
7832667
6349807
6868535
6680307
6750627
6723783
6734047
6730539
6730539
6734047
6723783
6750627
6680307
6868535
6349807
7832667
7832667
6349807
6868535
6680307
6750627
6723783
6734047
6730539
6730539
6734047
6723783
6750627
6680307
6868535
6349807
7832667
7832667
6349807
6868535
6680307
6750627
6723783
6734047
6730539
6730539
6734047
6723783
6750627
6680307
6868535
6349807
7832667
7832667
6349807
6868535
6680307
6750627
6723783
6734047
6730539
6730539
6734047
6723783
6750627
6680307
6868535
6349807
7832667
7832667
6349807
6868535
6680307
6750627
6723783
6734047
6730539
6730539
6734047
6723783
6750627
6680307
6868535
6349807
7832667
7832667
6349807
6868535
6680307
6750627
6723783
6734047
6730539
6730539
6734047
6723783
6750627
6680307
6868535
6349807
7832667
7832667
6349807
6868535
6680307
6750627
6723783
6734047
6730539
6730539
6734047
6723783
6750627
6680307
6868535
6349807
7832667
7832667
6349807
6868535
6680307
6750627
6723783
6734047
6730539
6730539
6734047
6723783
6750627
6680307
6868535
6349807
7832667
7832667
6349807
6868535
6680307
6750627
6723783
6734047
6730539
6730539
6734047
6723783
6750627
6680307
6868535
6349807
7832667
7832667
6349807
6868535
6680307
6750627
6723783
6734047
6730539
6730539
6734047
6723783
6750627
6680307
6868535
6349807
7832667
7832667
6349807
6868535
6680307
6750627
6723783
6734047
6730539
6730539
6734047
6723783
6750627
6680307
6868535
6349807
7832667
7832667
6349807
6868535
6680307
6750627
6723783
6734047
6730539
6730539
6734047
6723783
6750627
6680307
6868535
6349807
7832667
7832667
6349807
6868535
6680307
6750627
6723783
6734047
6730539
6730539
6734047
6723783
6750627
6680307
6868535
6349807
7832667
7832667
6349807
6868535
6680307
6750627
6723783
6734047
6730539
6730539
6734047
6723783
6750627
6680307
6868535
6349807
7832667
7832667
6349807
6868535
6680307
6750627
6723783
6734047
6730539
6730539
6734047
6723783
6750627
6680307
6868535
6349807
7832667
7832667
6349807
6868535
6680307
6750627
6723783
6734047
6730539
6730539
6734047
6723783
6750627
6680307
6868535
6349807
7832667
7832667
6349807
6868535
6680307
6750627
6723783
6734047
6730539
6730539
6734047
6723783
6750627
6680307
6868535
6349807
7832667
7832667
6349807
6868535
6680307
6750627
6723783
6734047
6730539
6730539
6734047
6723783
6750627
6680307
6868535
6349807
7832667
7832667
6349807
6868535
6680307
6750627
6723783
6734047
6730539
6730539
6734047
6723783
6750627
6680307
6868535
6349807
7832667
7832667
6349807
6868535
6680307
6750627
6723783
6734047
6730539
6730539
6734047
6723783
6750627
6680307
6868535
6349807
7832667
7832667
6349807
6868535
6680307
6750627
6723783
6734047
6730539
6730539
6734047
6723783
6750627
6680307
6868535
6349807
7832667
7832667
6349807
6868535
6680307
6750627
6723783
6734047
6730539
6730539
6734047
6723783
6750627
6680307
6868535
6349807
7832667
7832667
6349807
6868535
6680307
6750627
6723783
6734047
6730539
6730539
6734047
6723783
6750627
6680307
6868535
6349807
7832667
7832667
6349807
6868535
6680307
6750627
6723783
6734047
6730539
6730539
6734047
6723783
6750627
6680307
6868535
6349807
7832667
7832667
6349807
6868535
6680307
6750627
6723783
6734047
6730539
6730539
6734047
6723783
6750627
6680307
6868535
6349807
7832667
7832667
6349807
6868535
6680307
6750627
6723783
6734047
6730539
6730539
6734047
6723783
6750627
6680307
6868535
6349807
7832667
7832667
6349807
6868535
6680307
6750627
6723783
6734047
6730539
6730539
6734047
6723783
6750627
6680307
6868535
6349807
7832667
7832667
6349807
6868535
6680307
6750627
6723783
6734047
6730539
6730539
6734047
6723783
6750627
6680307
6868535
6349807
7832667
7832667
6349807
6868535
6680307
6750627
6723783
6734047
6730539
6730539
6734047
6723783
6750627
6680307
6868535
6349807
7832667
