# motley_par sizes H=9 Nmax=41 steps=378
2
4
9
21
51
127
324
844
2243
5041
4323
4537
4467
4497
4467
4537
4323
5041
5041
4323
4537
4467
4497
4467
4537
4323
5041
5041
4323
4537
4467
4497
4467
4537
4323
5041
5041
4323
4537
4467
4497
4467
4537
4323
5041
5041
4323
4537
4467
4497
4467
4537
4323
5041
5041
4323
4537
4467
4497
4467
4537
4323
5041
5041
4323
4537
4467
4497
4467
4537
4323
5041
5041
4323
4537
4467
4497
4467
4537
4323
5041
5041
4323
4537
4467
4497
4467
4537
4323
5041
5041
4323
4537
4467
4497
4467
4537
4323
5041
5041
4323
4537
4467
4497
4467
4537
4323
5041
5041
4323
4537
4467
4497
4467
4537
4323
5041
5041
4323
4537
4467
4497
4467
4537
4323
5041
5041
4323
4537
4467
4497
4467
4537
4323
5041
5041
4323
4537
4467
4497
4467
4537
4323
5041
5041
4323
4537
4467
4497
4467
4537
4323
5041
5041
4323
4537
4467
4497
4467
4537
4323
5041
5041
4323
4537
4467
4497
4467
4537
4323
5041
5041
4323
4537
4467
4497
4467
4537
4323
5041
5041
4323
4537
4467
4497
4467
4537
4323
5041
5041
4323
4537
4467
4497
4467
4537
4323
5041
5041
4323
4537
4467
4497
4467
4537
4323
5041
5041
4323
4537
4467
4497
4467
4537
4323
5041
5041
4323
4537
4467
4497
4467
4537
4323
5041
5041
4323
4537
4467
4497
4467
4537
4323
5041
5041
4323
4537
4467
4497
4467
4537
4323
5041
5041
4323
4537
4467
4497
4467
4537
4323
5041
5041
4323
4537
4467
4497
4467
4537
4323
5041
5041
4323
4537
4467
4497
4467
4537
4323
5041
5041
4323
4537
4467
4497
4467
4537
4323
5041
5041
4323
4537
4467
4497
4467
4537
4323
5041
5041
4323
4537
4467
4497
4467
4537
4323
5041
5041
4323
4537
4467
4497
4467
4537
4323
5041
5041
4323
4537
4467
4497
4467
4537
4323
5041
5041
4323
4537
4467
4497
4467
4537
4323
5041
5041
4323
4537
4467
4497
4467
4537
4323
5041
5041
4323
4537
4467
4497
4467
4537
4323
5041
5041
4323
4537
4467
4497
4467
4537
4323
5041
5041
4323
4537
4467
4497
4467
4537
4323
5041
5041
4323
4537
4467
4497
4467
4537
4323
5041
5041
4323
4537
4467
4497
4467
4537
4323
5041
