1 1
2 4
3 20
4 109
5 1
6 622
7 16
8 3664
9 166
10 2
11 22094
12 1456
13 42
14 135609
15 11788
16 538
17 6
18 843941
19 91300
20 5596
21 144
22 1
23 5310754
24 688034
25 52268
26 2082
27 42
28 33724862
29 5091820
30 457754
31 24144
32 820
33 8
34 215793158
35 37209939
36 3841776
37 248526
38 11482
39 263
40 2
41 1389673091
42 269452496
43 31290820
44 2374520
45 135235
46 4808
47 96
48 8998648488
49 1937956658
50 249306876
51 21556520
52 1437090
53 67020
54 2186
55 22
56 58548155506
57 13865448048
58 1953275736
59 188568632
60 14261808
61 804084
62 35086
63 808
64 6
65 382526638033
66 98796744112
67 15103433472
68 1603972074
69 134769521
70 8779911
71 465138
72 16410
73 314
74 1
