1 1
2 1
3 3
4 1
5 10
6 9
7 1
8 27
9 55
10 27
11 1
12 68
13 248
14 240
15 81
16 1
17 167
18 996
19 1480
20 945
21 243
22 1
23 406
24 3775
25 7898
26 7273
27 3510
28 729
29 1
30 983
31 13837
32 39119
33 47066
34 32193
35 12555
36 2187
37 1
38 2376
39 49676
40 185198
41 278240
42 241864
43 133326
44 43740
45 6561
46 1
47 5739
48 175964
49 850650
50 1558399
51 1631340
52 1134865
53 527094
54 149445
55 19683
56 1
57 13858
58 617789
59 3824200
60 8422286
61 10311170
62 8533676
63 5001114
64 2013255
65 503010
66 59049
67 1
68 33459
69 2156027
70 16922729
71 44372452
72 62471842
73 59434367
74 41336884
75 21039624
76 7487559
77 1673055
78 177147
79 1
80 80780
81 7493644
82 74000548
83 229332571
84 367493910
85 393543824
86 313029646
87 189262009
88 85389768
89 27261684
90 5511240
91 531441
92 1
93 195023
94 25972328
95 320659524
96 1167671359
97 2115284593
98 2516136965
99 2234817674
100 1544727695
101 829622715
102 336733767
103 97548948
104 18009945
105 1594323
106 1
107 470830
108 89842939
109 1379699712
110 5874715998
111 11972716752
112 15683719545
113 15308484950
114 11793556454
115 7251119572
116 3511995435
117 1296946890
118 344039157
119 58458510
120 4782969
121 1
122 1136687
123 310363225
124 5903624563
125 29271201169
126 66862623043
127 95904920644
128 101757872857
129 85849256593
130 58863947192
131 32703766750
132 14446874853
133 4897624662
134 1198596285
135 188661555
136 14348907
137 1
138 2744208
139 1071143992
140 25150677404
141 144687669852
142 369308536084
143 577719245153
144 661337991802
145 603392972436
146 452930356022
147 281054436836
148 142727058846
149 58015415862
150 18187039512
151 4132130922
152 605842740
153 43046721
154 1
155 6625107
156 3694368600
157 106773776116
158 710473784059
159 2021147613576
160 3438189032325
161 4224131600730
162 4130289887503
163 3348606811298
164 2277043672928
165 1293898414102
166 605908537758
167 228244737222
168 66567571389
169 14116135842
170 1937102445
171 129140163
172 1
173 15994426
174 12736006193
175 452027455240
176 3469435781222
177 10975452058596
178 20257323484797
179 26611876627714
180 27701775032858
181 24014057424024
182 17644523530186
183 11003764277892
184 5776897734667
185 2512138867830
186 882180009630
187 240601488426
188 47839787379
189 6170030010
190 387420489
191 1
192 38613963
193 43892151231
194 1909356781727
195 16863281286022
196 59204157481772
197 118344693863313
198 165789452595498
199 182837842220785
200 168184063948895
201 132107598093637
202 89123929241486
203 51437609215985
204 25124129020857
205 10204408045521
206 3357266652450
207 860061675780
208 160989953571
209 19586258055
210 1162261467
